79263860630
79636668506
79776175082
79150243594
79611600920
79646391100
79175436604
79169128444
79166141292
79166056434
79257540966
79153307358
79162934893
79653814129
79035465412
79631091149
79175335373
79165030312
74991943315
74953482218
74956637820
74953181185
79775808068
74956655600
79035301514
74953416506
79175628532
79032139412
79851892598
74991738168
74953508981
74952251940
74953412022
74956564045
79168704301
79036877128
74953944464
74953419064
79687227676
74997024403
79031302911
79175812679
79253900188
79153660546
79031560756
74987420212
79161322367
79645805364
79055113254
74992341065
79780170604
79162100666
79777126659
79262475883
79035890183
74953986034
79032152132
79269279855
74957776718
79096943909
74954190826
79151554022
79166294106
79252767742
79168511019
79057039804
79154151583
74955273353
74957479292
79031402695
74956404445
79265301342
79057140756
79104778672
79165480948
79251287734
74953411842
79687164455
74953419378
79167466639
79031980838
79163956068
79262421884
79684313011
74958670467
79851204820
79637240466
74953227520
79153190971
79057554438
79031476753
79091561399
79858892999
79161644919
74992731791
74953429330
79035642132
79199954892
79057742845
79269128974
79267180384
79268793331
74957978562
74959817094
74953824982
79037753836
79163466639
79166575948
79639627551
79853053410
74957896052
74954390642
79165664018
79032094776
79266008677
79295515831
79255890771
74953953504
79015322141
74953453937
79670155898
74959548052
74953974067
74956315064
79653852773
79015196078
79162463847
79267282658
79637820840
79104779275
79032275194
79104463077
74953409313
74957345979
79163650455
74952323211
79104350694
79997807984
79251319135
79169257041
79256193806
79629648493
74957846284
79154962141
79255618313
79261284713
79039680916
79851114909
74991719773
74953289654
79772560972
79262721403
79166137128
79168667110
79779702483
74953954966
79165114725
74953250610
79060906798
79099214040
79261439942
79645106311
79055200518
79161219773
79671913699
79857633348
79262580010
74954190831
79258692255
79263742234
79162286840
79164261640
79175063711
79037887827
79263048595
79035949451
74956586766
79672037772
79096929079
79652041784
79175892301
79253028201
74995501010
79166864471
79057403652
79152424015
79161724804
79998492260
74953605148
79267063255
79175023105
79160510886
74953715943
79166548084
74953421570
74993749176
74953424072
79163548106
79166521155
74954533768
79686814227
79260302301
74953939547
79161442369
74953470233
79036273766
79108631367
79032572100
79260238085
74956580056
79262582664
79258262331
74953434079
74992717786
79853888006
74957173887
74953990419
79257402592
79154195464
79256652889
74956458240
74992356315
79629054939
79153337229
79778392279
79060675613
74993731454
79197658300
79269629250
79637235095
74967548116
79031648327
74952296999
74957231001
79853393912
79161223333
74989177356
79099528711
74953422622
79052005010
79257712091
79036197695
79260114695
74957376730
74997046835
74991712462
79104853353
79169979435
79167388776
79165906253
79295254249
74953342333
79096418680
74951957771
74997930963
74991202178
74957064337
79039730728
79163000398
79684761515
79163566930
74959747900
74957923097
74992325769
74822329428
79268212954
79037393124
79686714159
74959474383
79652947711
79859641727
79774730766
79265332674
79852832576
79265799824
79255313911
74959897276
79152750694
74957301660
79055447597
74956498222
74995179305
79104527268
79262641900
79099132743
79204051113
79262321999
74992055155
79036273166
79991130711
79031587781
74953262353
74967568403
79670204091
79161451107
79039629242
74957059401
79166204767
79253033162
79104066431
74954190624
79166513332
74996826091
79057001009
79672727979
79199902349
79154856975
79055369621
74952815304
79646262323
79999922360
79671267306
79295254745
74959840893
79057863259
79175214774
79166705299
79104665274
79261221702
79651637739
79037136150
79266051576
79162671565
74956582208
74959545132
79689894110
74953424496
79060775166
79605179285
79104714700
79624777769
79161336994
79857690650
74953990596
79104127759
79685334075
79266867327
79653340888
74953405881
74953427023
79266673234
79661791212
74951628169
79253008533
79165152707
74953429832
79778283320
79163575306
79636853377
79261419977
79687037818
74956237349
79168241428
74992452153
74955499206
79689012275
79161958380
79096861169
79636226920
79295934498
79852227666
79857734917
79168368258
79166630653
79688170767
79255313083
79055426525
79653695282
79261720858
79265420322
74953496058
79057458415
79104124136
79267041205
79104540825
79154360074
74989130796
79167624143
79252869196
79772582919
79854265202
79168521164
74999466049
79037693143
79160934402
79779664435
79851872619
74957462839
79031419988
79163654433
74957799302
74953074804
79153380938
74989177342
79260877994
79099593907
79157178945
79160646104
79850750407
74953427284
79175488759
79017848382
79165195695
79266882345
79167175438
79057582908
79153796004
79037556397
79151234353
79057645068
79035586633
79653326314
79858695878
79689400787
79253562526
79251260011
74993208274
79037217536
74959947655
74953443655
74953210723
79778036050
79161973500
79856853145
74955492360
79778501671
74959418020
79175232632
79672217696
79031999959
74953963227
74992320435
79036707613
79258501696
74953492537
79153327283
79258899321
74953962108
79099931692
79037348568
79262632404
79150338664
74953539004
79104127077
74953967812
79778330500
79636093103
79104089996
79252755317
79017739598
79254957313
79162918587
79261880144
79161352867
79032239289
79776175192
79060478334
79853899813
79169663416
79517029181
79268611205
79031714318
79266681522
74953400569
74959479778
74953401772
79269900911
79036156067
79031760922
79152658320
79035603641
79271636538
79261601284
79168229879
74954291329
79037785894
79263855255
74997848918
79253900420
74954244246
79686885385
74953989056
79031927498
79258470595
79166546957
79263144646
79169617877
74957870600
79150251324
79168247765
79255173929
79259060116
79161442377
79031445599
79777241688
74956242182
74953499563
79856226037
79251426144
79164583305
79160206596
79164644426
79161322080
79151907983
79254798006
79162887135
79163175974
79036852478
79166574066
79035985170
79777713808
74997097934
79267226302
79067698877
79165333313
79856876678
74953875594
79160374166
74953932992
79161555866
74953465771
79269102133
79663177147
79163842238
79037938124
79036111427
79163071383
74953877859
79262958897
74958672065
74872225073
74955056152
79096429236
74958490245
79267238193
79055000200
79774442195
79164813270
79037996735
79163367531
79055566582
79261604579
79163218849
79660897766
74953965205
79853648711
79164498485
79263004296
79067620989
79261749852
79687631999
79652225878
79163624797
79268799110
79060770398
79161903489
79259099113
79255094426
79104083651
79169492712
74953774422
79859709290
74953457976
79261119009
79859989834
79261701959
79161469060
79857619957
79672728888
79167013151
79067456463
79099505552
79299657991
79251271848
79266269305
79262220848
79629426779
79636897744
79670664195
79636824949
79162205060
74955112818
79688844693
79032929142
74958670083
74958672129
79269466028
79037891476
79851313717
79032781351
79168799536
79104292214
74953427545
74953979036
79055250063
79162059378
74956762714
79299432976
79637827702
79031560147
74953518496
79051839030
79153746448
79299415222
79031430661
79652154155
79653699491
79855113111
74953293278
79067979412
79197218134
79258838584
79099306208
79167620997
74957145769
79266102390
79859241653
74959937507
79166292789
74953418223
79652354155
79629144494
79035640011
79104218869
79161073171
79150087501
79689569524
79161553744
79163714009
79772655517
79269874689
74991430571
74953984771
79057005719
79037224627
74953945181
79164307074
79265503568
79253080029
79161230331
79264543032
79855746766
79152340893
79672771545
79150248036
74953422382
79164451065
74953922976
74995005320
79037430827
79262749714
74957135480
79853041167
79160777838
79035669979
79264633490
74953461405
79647111899
74955516783
79169295642
74997477079
79689541005
79261130774
79169999960
79646349745
79260222274
79252722959
79162161757
74996185505
79646236857
79998048080
79035276672
79266194286
79104292225
79160789494
79151896603
74953400054
74953418980
79852720710
74953532679
79037980568
79299443457
79055753219
79645020963
79166265913
79169991893
79055976920
79151151463
79030106975
79031250475
79162506596
79853663608
79166871324
79851638033
74953980571
79091695742
79262643571
79162735467
79160383350
79060754548
79104794493
436769362563
79152146066
79997984788
79163815374
74992340567
79262225985
79266430257
79997977981
79039630088
79039662350
79055559363
79639991166
74992322447
79060546519
79160973282
79772810390
74954258675
79773232186
79067898085
79169682688
79152283595
79262778480
79999889901
79263401170
79032191723
79267338283
79268880727
79099381398
79166170548
74967676502
79998008150
74953418478
79683726781
79031004433
79261845898
79152792096
79652251774
74992320406
74953415982
79175156148
79299904797
74955593866
79175392367
79104125128
74953421421
79636206726
79162564728
79652675561
79263307520
79254038253
79104435443
79151560918
79653320055
79168755097
74997500396
79067747177
79031816292
79266031836
79253024601
79175006511
79037404907
79067409260
79037988151
74954831313
79263372998
74956512145
79032732610
79689505934
79263791841
74993082733
79165044060
79057825167
79672050354
74958672298
74955140077
79162622282
74956321003
79688377334
79853040659
79035443546
74967645799
79154909750
79066445670
74953169580
74953419394
79161301515
79166854551
79652926161
79096321168
79261462123
79264176308
79151135668
79645823990
79636107154
79256300149
79161104422
74956071252
79687202703
79629836660
79252220054
74956989800
79261982620
74959831008
74967650016
74996526000
79250678774
79091570383
79166437554
79262046500
79031465464
74953539745
79168466402
79060356435
79175013491
79998787724
74953952122
79151318080
79859835657
74954002123
74954949710
74956222997
79152306358
79269779493
79998196808
79859983198
79773397089
74953563408
74958656059
79161598026
79661708401
79037557618
74993721714
79255830183
79260450854
79099621251
74959563452
79099120099
74956752178
79036262800
79258028858
79163929800
79258862280
79030038807
74957116198
79104516933
79647863576
74953918527
74955257007
74996137908
79255857008
79060397944
74953402331
79167587577
79774871381
79104225145
79653691147
74956682228
79250937683
74953533547
79035900323
79162461101
79163156906
79671920022
79168408202
79035718286
79017790071
74996540101
79671952712
79637175858
79031955324
74953161834
74993576847
79295717381
79154505693
74958581999
79169301398
79161157630
74967641072
79652608472
79672097273
79166472263
74952520270
79299394641
74958673500
79652900681
79017992904
79067262197
79037298945
79030158505
79031684888
79175043661
74953430851
79267849899
79268884541
79262280101
79169518386
79161258119
79037658083
79265602036
79055885477
79104013142
79856008932
79259158900
79261876667
79261372842
79998069020
79164352576
79104779323
79778035315
79653519943
79253083973
79852670668
79265267325
74953543242
79651414506
79258331703
79651941115
79683590545
79771376635
79268102076
79267126260
79166791053
79165895404
79150375684
74956556908
79262736640
79168140751
79778788744
79165332910
79152789026
79091691240
79671961770
79160145393
79035690109
74955005597
79165223347
79036788776
74995004499
74953402686
74953939173
74955284737
79997304604
79267030683
79031532619
79683542545
79104832849
79647000057
79032724753
79104241871
79163873641
79859044070
79099090755
79328400802
79168484359
79164930063
79859576634
74955494436
79057188131
74953499634
79161861072
79252373010
74992621918
79261228645
79197221350
79261444641
79853331401
79257155809
74954342160
79168516641
74957143694
74954150850
79857603050
74956453908
79255062344
79255475047
74952217711
79260191190
74953229778
74993562795
79262804980
79257715819
74955404301
79636579242
74996869998
74953496807
79067959242
74958675005
74953939742
79037747738
74994596674
74996130770
79153886861
79267355599
79269092257
79258412061
79855724609
79859704524
79857681135
74999207818
79264034379
79636560093
74957082693
79067383338
79104470085
79165042226
79150554174
79265305259
74967649157
79165059831
79057502962
79774961516
74953429766
79099227192
79636039006
79859977100
79775751588
79663777848
74953997429
79165251799
79255079705
79647983949
79164972473
79030057080
79253656015
74955511761
74986578046
79265662037
79169729729
79031029590
74953593266
79258094880
79151397580
74957881092
74956039053
79037111234
74954889601
74956171366
74956592725
79067803757
74959603161
74997097462
79031856686
74996491969
79852386886
79687659638
79257586386
79160652960
79689663466
74954190828
79262177787
79859990560
79163535913
74953508241
74953225285
79168193771
79035155850
74957876735
74953400550
74951080229
74953426291
79057264090
79778475299
79639654548
74954255904
79067214337
79777571702
79265263141
74957877350
79166793814
74953412594
79199627736
79037902388
79637630302
79164374511
79153014747
74953417131
79261863832
79168613146
79161439807
79263797420
79688969225
79031230201
74992358740
74953969266
79104067923
79855307755
74957015507
79154736382
79165766836
79163323346
74955000135
79017107150
79057012889
79856248024
79265636621
79067220272
79653675202
79165556675
79039696011
79645039959
79162230041
79262958898
74991499155
74953436502
79265719825
79167958463
79264953664
74953920214
74993742876
79060993580
74953922814
79250660541
74997412191
79164713764
74953921294
79263982330
74953408573
79689208957
74992320208
79163914302
79031950071
79037299680
79852582870
74959270077
79160011505
79265376026
79269824657
74952283030
78005551661
79265577127
74953401322
79605864096
79166132418
79038266688
79035857093
74953988974
79166726297
79636729712
79263055546
74997034413
74997550050
79670609044
74956217939
74967544886
79104344474
79032466862
79161502035
74957700757
79685555140
79637721236
79015467406
74967530078
79296643413
74954601588
79652172872
74959337755
79161855080
79036660488
74999728668
74953873036
79851620061
79651435702
79295039025
79253471314
79661168082
74957834000
79774293313
79268783314
79030037793
74999236697
79256262818
79857646951
79652885248
79164588077
79150034553
79032314972
79163264802
74956790241
74992437008
79267318848
79031541528
79295756450
79652743152
79250728333
79998223812
79057038122
74996137847
74996480797
79163701899
79168716934
74959099160
79672370567
74959597834
74959847579
79164884912
79257093973
79263057275
74951270600
74953422358
79776031514
79775316941
79175199090
79091539026
74953422113
79104274736
79629051954
79671234264
79265815981
79654201809
74951253031
79652227429
79779420650
74997224184
79258703992
79653846972
79199660888
79258386738
79037481251
79636751034
79851298011
79096465771
74952875476
79262358632
79854560899
74959188755
79031061105
79263574531
79161919026
79267517809
79268353221
79161707753
79253261871
79262927841
79037601594
79166754648
79991131501
79251557488
79851488754
79165007285
79850481804
79851370706
74955503001
79629987878
79260358847
74959304518
79685367925
79805383490
79856908265
79258971304
79096954692
79264155416
79853060758
79057051213
79262549421
79169946969
74991708596
79261065136
79035995454
74953979120
79533212710
79852657006
79153089589
74958670511
79161624812
79161588417
79160446026
79264145747
79663246585
74953959323
79109853110
74956547264
79853646198
74993576335
79295686780
79266488246
79778709774
79037599521
79032239942
74953489305
79777885640
79035250038
79779368182
79261000911
74993572816
79169220299
79152721995
74953152710
74967555203
74992321105
74956458405
79083283815
79653870803
79035304477
79055816296
79055731898
74953464214
74953885167
79269160545
74953965060
79852108536
79152552323
79104590108
79969749350
79100037835
79853643134
74956621694
79773392115
79852105707
79037236240
79168845584
79268392506
79067492135
74957107088
79778039091
79266061107
79035897341
79259238288
79670189519
79164909197
74953412791
79104349294
74997223347
79151001033
74953420060
79031065215
79055468944
79168115615
79651475047
79035375870
79063184078
79854703417
79208445850
79150169276
74957373727
74959150712
74957103688
79858789558
74955035286
79161181180
79153897305
74953874971
79296447478
74953878468
79162590473
79851128361
79060410916
79096992999
79639766883
79104037404
79163898364
79636140330
79164301285
79254933288
74956782429
79035855232
79260688740
79162606040
79166004528
79255051253
79175738441
74986577161
74953582632
79263220512
79164935207
79856416263
79851453836
79163548375
79153600780
79268737554
79037578380
74959631601
74959317433
74992575180
79651555572
79067067434
74957975232
79647605991
79262603970
79262813322
79261919881
79858579408
79854870816
79859118106
79037301719
79150672942
74957839435
74952300183
79267095939
79163165200
74953420197
79859077253
79031118157
79091525346
79267118814
79647736087
79161185301
79105242996
79265910301
79653296096
79160411429
79160305391
79037579216
79778733726
74953939248
79260559095
79175796347
79191001711
79264959360
79169237666
79262671566
79154142959
74957914123
74956546052
79035594010
79859227144
79646388043
79670810101
79163130893
79660933377
79629327070
79031631351
79646408448
79057408579
79037564368
79015385822
79067298813
79687556477
79778137217
79032900271
79255073375
79853196929
79104590164
79169663721
79163079132
74991986620
79199657403
79166512981
79154592250
79163665174
79252330069
79252660866
74991982566
74953936002
74986577956
79672263726
79036169388
74987201542
74991988414
79262389040
79165372645
79154780198
79096500661
74957099154
79859227257
79163516743
74992621737
79263821687
74999098080
79055060525
79853865353
79099797747
79104256601
79099479772
79250056963
79151307957
79037200346
79031854997
79057517990
79685892343
78005500500
74953419211
79166167030
74991321727
74956453701
79264745592
79039791135
79161710781
74954271835
79775153321
74996125929
79257665038
79151829608
79265378081
74999041621
79055675991
74954752319
79031262650
79104875709
74991207153
79258258846
74953421585
74992350668
79250013437
79037538837
79169934050
79028274474
79774870661
79175732556
79688902377
79672303232
79164605848
74957146381
74953421340
79268229231
79859225952
79258021800
79264261315
79031926584
79999705857
79197634337
74953870311
79164430922
79268315821
79164690065
74955851906
79851114606
74992410058
74959372385
79166258022
79261839530
74953416429
79152223267
79031656040
79685383445
79175203515
74991288295
79631093962
79857628107
79859293424
74996148724
79150053272
79164576420
79265317079
74953378750
79654042233
79167288985
79636764754
74997463120
79261457260
79169930404
79032115513
79031761211
74952238680
79032963391
79684620082
79850553884
79661403622
79854739662
79857709016
74999044575
79164785497
79639633293
74953409822
79661127730
74953961174
74956589046
79147308030
79037273612
79153741460
79175071927
79154150040
79031680499
74957126735
74957125767
79160743086
79057617071
79636708892
79055402884
79201763712
79257861131
79689608646
79261886568
79651337749
79037790429
79265556648
79296393381
79031604592
74991374503
79206168616
79032787148
79104455891
79647729257
74957027450
79856659730
79852226092
79163098717
74957167236
79259229422
79091681414
79031632172
79771731037
79037525117
79164217804
79262744518
79067146560
79162077649
79035003375
79057231088
79160726747
74953135235
74953473449
74992343178
79671828370
79099923122
79686935758
79166882437
79037381826
79104198931
74989130676
79268233606
79164308169
74953989832
79999606881
74997423633
79060844035
79269103455
74953219538
79684260726
79169506990
79265664226
79858366089
79653440349
79031982801
79164723843
79268799698
79175085026
79164120551
74956558917
79166278058
79091685562
79672910431
79261126889
79091640451
74992323586
79030097912
74993575265
79096663573
79250609703
79057002172
79166404847
79031910447
79162058905
79152850279
79859884326
79166073054
79175780828
79165330002
79652269400
79106146962
79774859789
79653293448
79685228137
79256386567
79265297902
79688872438
79037579831
79689210519
74997828583
79036682249
74997972270
79853403135
79031655590
79160447853
79854108243
79859829689
79175862208
79036687896
79267983026
79037171678
74997477518
79629051105
74953527618
79773102990
79250727850
79636399519
79055780758
79258595030
79855359646
79671890037
79776610598
79169000719
79267122826
79169905448
79773390196
79687082004
79155724664
79273751567
74953985263
79851218263
79260895245
79031031115
79258585553
79266167818
79851348701
79299280407
79623689916
74957149808
79663870387
74955813863
79265873212
79150375132
79031409963
79852801625
79169919101
74953287347
79036230301
79261784722
79169257434
79261599592
79160013016
79057148077
79855822806
79168826482
79854222989
79269177656
79262561313
79255728527
79857737467
74953401728
74953132555
79152163414
79166451678
74953978251
79154019660
74953487075
74953582932
74957799828
74943532039
79057840170
79258034395
79151873314
79652554449
79015194831
79261331604
79166433945
79067577538
74955516405
79645345573
79031445909
74955891178
74956711889
79854210755
79104156991
79036823870
79166628765
74955514109
79857336616
79775703909
74957039766
79037551805
79169357060
74957148317
79152946749
79260840658
74996161889
79104085849
79859225501
79035455263
74953580907
79164677105
79033637276
79099279802
79168414410
79689797137
79150219860
79261725945
79060645577
79099987635
79629383660
74954223361
79258336391
79266513224
79998000049
79035665403
74957148259
79153801316
74996665337
79165976211
79255168730
79265393550
79859806201
79161518323
79153901696
79254294147
79164540331
74997256826
79856126613
79999861961
74955501799
79260991869
79779028232
74953384036
74955888158
79163349782
79032074363
79035045970
79152528007
79261198680
79161441087
79660130189
79629803139
79370638060
74996185845
79031612969
79645768561
79265214705
79775602209
79166749896
79255856294
74991755442
79032249796
79035777744
79031016374
79778810096
74959546562
79169429522
79601036506
79251441649
79261464815
74992320195
79168180206
79153001592
79099570516
79858973638
79858828089
74953414557
79161223688
79263522241
79037991996
74953421890
79652920757
74953479415
74959583939
79262352775
79259055336
79161195565
79771649517
79150009298
79099562956
79685497488
79061327992
74967902271
79175432338
74957172912
79262327103
79160642726
79853009090
79175579048
79268405339
74957128735
79998193340
79055047266
79165186664
79645007494
79264415555
79164267223
79771984113
79163305243
79100081588
79037554718
74953437830
79264997470
74956152341
79857838750
79168808659
79153057428
79100871921
79035916424
79032605407
79175301173
74997221208
79057459350
79163086112
74953591851
79037136996
74957096332
74956581396
79104719170
79154825244
79629020888
79163559807
79295295354
79637105052
79153673713
79031390976
79637846701
79032572483
74992320007
79175099925
74953443038
79168280010
79859877944
74957111759
79645178320
79299116201
79266254110
79099881116
74956570473
79099364772
79035007452
79851785055
79031464455
79037469608
79859664428
79266200912
79104172270
79261660393
79036149488
79169982707
79166144540
79261188345
79671204821
79153483634
79255172272
74953421819
79775191939
74953404405
79165562205
79166550045
79091595946
79776034169
79031727968
74953418296
74953409556
79778119039
79166147761
74951505558
74997411095
79031688033
74956350909
74993740072
79267847672
79260208884
79031516602
79161532891
79772606078
74992340626
79150004814
79060608181
79066430781
79265886673
79169526774
79154232175
79775752596
79647777830
74996125642
74957111760
74991705613
79067560236
74997433674
74992322356
79887154719
79168099666
79266928021
79167407704
79260144180
79035593247
79057367042
74953042275
79032509318
79265228252
79652761515
79859648933
79296563913
79259044394
79266947114
79099230703
79255854063
74953413644
79261810529
79262295163
79152854253
79360006376
79152483603
79162295152
79164177395
79660580819
79264811323
79251472780
79670340770
79166590455
79167444552
74953424886
79191091773
79660886896
79030183321
79266913942
74953451945
74953428073
74953412696
79057777196
79031096902
79099488850
79035466333
79264789689
79295826080
79197280176
79160444850
74953452029
79258459781
79165160063
79055426617
79031613670
79154830369
79099082288
79255126102
74953585458
74953880091
79032443103
79284525255
79775866185
79037664060
79256246391
74956947832
79299587674
79267773149
79160077608
79660990209
79629502782
79057716157
74992710684
79032090512
74953975902
79096722256
79855112933
79168673243
79263264448
74955876130
74957127869
74967590049
79772689407
79142357967
74991731827
79653795672
79032001818
79164404967
79035465409
79161940977
79099199971
79261629026
79167371212
79153578539
74953599721
74953984311
79165888645
79660065000
74955140829
79032280455
79859917806
79261824060
74957893040
79655803779
74959959959
74959819709
79636645176
79859203799
79854495112
79036830164
79636426969
74993248649
79164928658
79165433451
79639962962
79639663543
79687353432
74956629441
79671202677
74952876100
74957172542
79853658427
79313068041
79162045503
74959262112
79150071495
79262143737
79163577894
79035782869
74952217837
79169111712
79646414804
74952213652
79055557751
74996181005
74959358152
79260943471
79265320451
74955524980
79036899468
74953584500
74997860320
79037602974
79851234115
79165547654
79645198198
79055055359
74955260301
74993246217
74991358951
79031296598
79692688833
74953950681
74991443897
79015170715
79106398689
74955552698
79852850101
79151835347
79166609087
79684002746
74957885699
74953448463
79161422331
74991267622
79057455144
79854646414
79637210241
79773511469
79167162699
79265386795
74997811047
79859089016
79099544648
79153030410
79299111529
79265289859
74986004434
74957879291
74957755062
79265217791
79036682768
74956067981
79164097129
79651344468
79255628240
79268213808
74955893291
74958671446
79162053171
79152281690
79067036484
79036679994
74991730277
74992323332
79267051256
79636681955
79269279702
79162484029
79036654584
79057512363
79037483258
79295315258
79663280103
79015348576
74953402267
79150912207
79166086367
79017481798
79266062386
79165730361
79036127762
79262577026
79256175355
79164080387
79057968460
74953491166
79096884168
79055838179
79852204260
79161914838
79264222022
74996530128
79035876256
79164171481
79266908624
79636919576
79607153121
79637624869
74999045897
79162960824
79261539751
79055402328
79777219660
79192263706
79037564377
79151689189
79150014636
79096234450
79267157760
79859901535
79067770930
79154007614
79057271909
79645157447
79256120200
79163708127
79031657680
79167889470
79175312940
79852572056
79295641842
74953492401
79057908616
79168046094
74958673329
79055001005
79264752958
79165516656
79263758423
79055235133
79091523649
79156272835
79167112813
79637231883
79163665406
74953988854
79646482959
74953913209
79262472288
74953440030
74996538756
79261604757
79162807768
74991920809
74958555906
79032785026
79266283866
79165692355
79852294938
79832572380
74957805835
74957483033
74953916003
79032771260
79636397964
73412339359
74991226503
79060862222
79099522787
79647677000
79256803015
74952219109
79166509775
79160852011
74953931810
79160437666
74993246863
79267176144
74997254473
74952043647
74957835959
79778079545
74993237149
79169809818
74957834661
79169171441
79160614674
79039771265
79264036995
79295095441
79039680442
79166884422
79296391442
79637697498
74956623116
79265270707
79266974754
74957899292
79099668503
79265772547
74955805760
74955492278
79032994560
79057448901
79165574642
79772770307
79850343313
79299030595
79099610055
74991464056
79165620966
79162293597
74953427093
74954986750
79057770155
79096644826
79268297058
79104429988
79295413827
79099903406
74953418834
74957398300
74953414609
79243646660
79256425252
79057171266
74953994488
79774904788
79250243155
79031312041
79263750614
79265413391
79671847736
79654044466
74953838751
79672333315
79265648030
79165838352
79778807714
79851294554
74956545854
79162145062
74957136181
79032747787
79161178836
79164717888
79169967774
74953408428
79852108326
79099513705
79161155760
79250576811
79035082432
79268802409
79167373614
79260500316
74953416398
79037231820
79055015557
79152035011
74953414479
79652676587
79161443706
79166640990
79165397549
79261624347
74959480487
79688973537
79637225944
79268889197
79161157814
79266327240
79057715011
79773148349
79636009222
79260078064
79137441177
79160422702
74957074504
79035710997
79653908966
79169969883
79258212362
74953419210
79268120548
79257276027
79260301733
79639778333
79253800617
79258412169
79113159565
79163003688
79057150166
79166026063
79035455320
79263238689
79151001960
79851137091
74953483754
79256423926
79031308817
74959267750
74959212868
79250955356
79671305009
74956943868
79260110544
74953228679
79152782652
74986001754
79104748812
79165080303
74991268935
79688946284
74991483314
79645923337
74952215638
79268227297
79778604047
79099354143
79250426011
74953908408
79253601949
79670167682
79165235701
79161234433
79257403325
74997530307
79268723045
79039733234
79032233777
74995193061
79067849468
79260480400
79055495108
74953924208
79091606167
79265946589
74967527545
74987298944
79858039781
74957855254
74958490040
79166205264
79166699323
79253186519
74955518592
74957414270
79857635598
79057947377
79859662374
79636547787
79689786326
74957896202
79295256734
74959661096
79035662605
79853076027
79037947349
74993232649
79035663800
79164304819
79653473138
79167724921
79100009192
79258036279
74994595328
79175405236
74993572330
74953420866
79039708745
79163905318
79256454121
74992324660
79265503370
79017799625
79262878824
74953466964
79099408714
79057526757
79629765535
79152950797
79260514701
74954484533
79060760733
79037296543
79168098748
79164833038
79652036029
79037415823
79167702391
79253231558
79163501341
79035694669
74956777201
74956559182
74992320157
79779198678
74953413516
79160034031
79165410677
79161527776
79057004005
79167201862
79167267990
79162106275
79639201229
79629860063
79166977917
79647664396
79636802094
74953514119
74991327311
79154526702
74956549634
74953408557
79688990674
79262139695
79055347162
79853839958
79037969415
79168591088
74953960594
79035485269
79252252891
79637197317
74956680360
79267853388
74959888151
79167090810
79031385568
74999442453
79263221857
79037722714
79265668897
79611014489
79067494248
74957708081
79250295833
74956417588
79066292377
74957161100
74999220151
74993241549
74952286867
74997933320
79262730664
79039610339
79166441566
74953457594
79162704401
79060323976
79262105740
74956786488
79852078508
79162146477
79150557737
79260612116
79267480428
79099858009
79773298307
74953973176
79852169014
79160772656
79639722706
74967637835
79165653176
79686825322
79254962251
79257721537
79853817989
79057367315
79166567842
74957855030
79161237400
74995570470
74957052578
79169298965
79166533014
79057813860
79092735788
74954685688
79060903925
74953421247
79778700657
74953788766
74967526048
79163116641
79262815999
79859208416
79685436318
79161308756
74953411860
79774285273
79162571260
79663690659
79255007037
79096707979
79104215297
74955422045
79067797689
74959810470
79265494844
79778696326
79254492535
79055383029
79017831827
79104667376
79268293436
74957098481
79031954339
74991930047
79267800902
79036868000
79260922929
79651977706
74953630093
79256313185
79858397630
79169178373
79099495885
74954670067
79175667730
79670696484
74956796754
79035475210
79652166609
74953596632
79252257691
79261618218
79851002221
79267203813
79151419459
79154748626
74993565841
74992323764
79267140741
74953051039
79683859902
74995536877
79265398055
79857752710
79852308417
79167185414
79037601637
79263983795
79154137910
74997826675
79037814159
79091533019
79653928771
79166833837
79853398008
79645715065
79163886846
79258641885
74992007555
79636164639
79661238608
79037723820
79680969594
79037146642
79091584295
79160891145
79774396806
79165369581
79771344001
74991496918
79150098243
79163086963
79672535588
79035254591
79637115347
79175729645
74996162964
79266913043
79032989192
79031218798
79166113210
79091509916
74953412112
74992320865
79252245818
79268238083
79037459039
79255145882
74953426112
79036678529
79167321112
79032956148
79857644319
74997877777
79032449864
79265393336
79057930396
79162703737
79261298612
79197785698
79686054499
79645853031
79035816392
79263624032
79055222178
78312733183
79260106843
79169992587
79104575690
79999606288
79035510030
79859913383
79104220845
79651781952
79256341309
74997864713
79031630015
79256359067
79688252963
79031231701
79265438546
79039621880
79055226119
74991281235
79688482365
79253609912
79259256441
79032989083
79255540079
79629009008
79263512088
74992484565
79857650182
79164132227
74953461322
79637155856
79262088859
79124212881
79057451690
74992321071
79999780550
79250106947
79161827778
79151570236
79199987710
79260577772
79150875157
79637277772
79267304889
79857767368
79999900989
79037657308
79265412601
79165467939
74957136369
79032616257
79163616026
79164929745
74992325184
79268631647
79104691024
79645267000
79164629248
79264834033
74997231015
79168118656
79160956166
79031887417
79779574763
79252137819
79055115323
79168598300
79152075262
79154143583
79161475312
79030023762
79154421831
79260441744
74997841126
79252249925
79017991500
79859798385
79250203445
79257772577
79269265236
79684891819
79175996483
79264575617
79269984899
79162708490
79270017158
79295919030
79854716062
74957449982
79067709019
74959648994
79857632603
79852258226
74997841057
79261384658
79166981111
79857275324
79037707455
79164077674
79998441969
79162798853
79533312332
79161860122
74924124834
79031827032
79167051313
79267323180
79161987999
79251238977
79265926271
79266937978
74953214364
79859367839
79252008869
79299906251
79165689390
79036294947
79035407707
79264472594
79296685200
74953421214
79645336161
79268145630
79852253817
74953404689
74959571937
79167995466
79299507434
79104244621
74953441748
79167344972
79055196644
74959298119
74953475806
79036880880
79035148287
79685994114
79035508303
79647124442
79856230684
74991592554
74953404723
79637113290
79680236439
79166875104
79161777955
79295960188
79296842106
79168541424
79629137909
79165890139
79055042210
79031728354
79099003637
79194114380
79261059616
79091567197
74953407634
79261476776
79163463055
79164848143
79652658282
79854685947
74955284879
79031417121
74953071211
79260201322
79261482309
79150012772
79261134554
74953662908
79261293653
74991353335
79037076820
79055653718
79037854702
79031095743
79162189359
79859860124
79032647767
74953991947
79262175438
79857633179
79857651942
79261727032
79165740820
79266615876
79653217766
79252586031
79152020128
79165986471
74985404322
79154215284
79199950730
79262300229
79670153862
79671310842
79104543465
79161975458
74992010364
79165151240
79175437742
74959565555
79775761673
79017964301
74958672184
74991797239
79169325323
79688088568
79175757499
79852030665
74992321153
79163953988
79265264055
79859666684
79263951982
79166409367
74992341146
79773180296
79165101600
79057572083
79263212481
79165414563
79262953525
79265312727
74994455182
79162335050
74953946892
79167104203
79254844894
79775504520
79199974974
79854569332
79168494345
79030033337
74953421279
74956592497
79160779200
79164251959
79268650231
79154959933
79017045626
74953938397
79263290342
79267666644
79771193804
79854784734
79165922612
79299975405
79264642771
79055241702
79262762668
79661370578
79260238084
79859073956
79031487149
74955487980
79254299567
79265375323
79151487118
78412454340
79859947933
79160805388
79264556383
79266054636
74992341400
79261355767
79267937584
79161787651
74953550174
74956519154
79163219321
79261783056
79031003832
79857316292
74953548156
79684656858
79639645338
79032133252
79651200878
79067851585
74953421259
79999002025
74992490616
79262674435
79257999609
79169636013
74953946562
79160075700
74959811010
74959115015
79632143285
74996199964
79067969321
79169602927
74953528775
74952236005
79260760796
79161701036
74953498496
79150000585
74956656701
79035001371
79257891088
79161148201
74953967829
74955503637
79252868066
79162565030
79099581600
74956794621
74957820770
79167710747
79652497667
79164324564
79104665759
79192687047
79152283819
74956688838
74956629152
79104223214
79175034650
79264526061
79774235455
74952552658
74953989576
79296075559
74922421171
79262669088
79166055207
79266038132
79031412131
74957139964
74955802706
79057027028
79035390181
79859983277
79778805513
74957522607
79163875492
79031654689
79164346710
74953959267
79055767887
74959749644
79254700500
79090909597
74959528478
74999293262
74957370606
79680307141
79261187317
74953796923
79105807646
79167011138
74874159536
74953503403
79629235087
79653807462
79055142421
74989175611
74953716287
74958670972
79663411728
79161910481
74959194290
79264334341
79261777620
79161239103
79169160382
74955437272
74953133994
79036704115
74953289734
74991350440
74957370054
79066620868
79857659175
79852138448
79251160122
74953255357
79164347927
79060994864
74957150551
79772629474
79605422146
79057670719
79169511960
79651983138
79166872706
74957333935
79261837617
79265336159
79296075116
79269146484
79162474702
79017745095
79266206004
79261400370
79164263296
74954668987
79852761616
79163813649
79150893855
74953944222
79160270348
74953416704
79265566977
74991216074
79670580830
74953451736
79852529300
79263139916
79031444983
79057114560
79265940418
79167217212
79263273733
79651482223
79032112113
79295341703
79199676563
79851943801
74956588131
79859575786
79629806720
79773117639
79032673747
74992325370
79771016665
79031763495
74986467695
79268777394
79856045375
79776176112
79099597079
79250202670
79161638615
79162316241
74959375347
79105813452
74956320050
79037354232
79031286977
79651377271
79165911867
79856448344
74959150851
79266933127
79167589309
79160275799
74956601092
79035960355
79163117185
79771359979
79169354459
79151972986
79167799420
79253531310
79175791110
79168612252
74956221482
79654314602
74952690431
79687420930
74994581002
74956957546
79162131095
74997218279
74991781421
79263582828
74953436604
79689688391
79629665115
74952807654
79163216449
79166692709
74953168129
79169744676
79262779404
79035051724
79262159725
79296059536
74953163693
79851333525
79261482360
79779432101
79688085463
74991358411
74953980235
79099860711
79261625688
79036131266
74953435628
79175435162
74992341085
79251930605
74953428475
79250038827
79999744621
79850038858
79035783128
74957458770
74956701400
79262660083
74965733162
74956572932
79168186008
79299917882
79253449757
74953632300
79250456288
74957775545
74999409464
79031885039
79882890818
79152949312
74957899646
74992321118
79690893120
79637857010
79254793404
79269066739
79686641181
79169661983
79017992922
74993569239
79629118397
79175531561
79104762500
79266530980
79168278999
79165086033
79266690329
79035455616
79654014418
79998537323
79169976217
79263627990
79269512651
79684021491
79636773960
79689172484
79775860608
79150384101
79261192040
79152465708
79169541232
79255076749
79165354367
74997386918
79261016415
79060418516
74953125366
79057736600
79653714224
79160626726
79263767494
79637250017
79852116205
79851315322
79017228523
79166913186
79672066968
79774582245
79175343127
79262693419
79036139597
79031028784
74953211323
79035054962
74993241732
74957978622
74954233118
79161659907
79654237378
74992323408
74957137709
79037200071
74957808356
79164300905
79039681570
79639622430
74953348849
79037101631
79261276844
79163954348
79166869147
74992320346
79250230436
79296783712
79267232100
74955027949
79855140631
79265551719
74953519753
74956208105
79651786338
79168418272
79252532323
74953464563
79163339309
79166574979
78442382441
79268824916
74953437787
79053900437
79166413363
74959337300
74986572556
74986578806
79851337332
79035242612
79175847570
79162175149
79104228257
74992320095
79169278037
79035031737
79175885646
74967978233
79999735880
74993566986
79265426593
79777416244
79263687703
74956777802
79263043146
79998185405
79851254126
79067508204
74953552511
79032808197
74956204796
74957393288
79037318411
74954667589
74953886097
74953506126
79262388670
79151639154
79269032666
79654304780
79096601756
79163343531
79265779035
79039695871
74956558194
79263289475
79688470864
79163387346
74953992195
74957558464
79035298055
79035792192
79035435761
79251297887
74953426924
79295641535
74957155725
79165834120
79163791520
79055126233
79680692070
79266033887
74953250135
79258958524
74953424716
79166700745
79258451900
79267023842
79262838005
79260830055
79258284189
79035974749
79160742668
79257879701
79053632700
79263737294
79035728069
79653701909
79852796224
79267226157
79037536997
79166275603
79057111944
79645734257
74953402760
74954532186
79145952450
79687920840
74953931727
79175150875
79165277215
79858302213
79175642094
74991789039
79036673304
74956602442
79199962476
79265121632
74953897060
79099428389
74957874860
79266048365
79199647923
74952215320
79167348450
74956701201
79166874882
79636120014
74953509709
79175950404
79776951996
74953421644
74957307302
79851105253
79687844308
74956795061
74953423421
79852319429
79165744765
79167599555
79689514645
79175189888
79162173121
79254245151
79161200006
79684983773
74992660956
79251907170
79166128044
79166847522
79651404923
79017462830
79197772022
79857613901
79852101352
79167149155
79096506886
79096717272
79163136282
79652587506
79169028721
74956188146
79296510010
79636553545
74953958958
79651850801
79161203807
79859072389
79859230997
79266997207
79806420131
79167091700
79167122445
79167321484
79169616302
74997860925
74957877206
74997840508
74957855109
74953975904
79151387370
74956275397
79259058020
79260329904
74997546022
74957700150
79269445957
79771427054
74957487939
79150603892
74956639123
79265394288
79252758746
79031582831
79055724833
79151055598
79265571232
79295535343
74953468543
74953265803
79031984884
79037741344
79151192887
79169568985
79168883330
79037242993
74954158001
79660413959
74991381855
74957103932
79261309072
79647105767
74959090090
79263051000
74953133380
79651499779
79163494505
74992324721
79636944438
79262134155
74953019747
79687030119
74967557916
79636059237
74953406897
79164985550
79637199253
79269579839
79687044545
79032632699
79197770015
74957808040
74958670898
79629590998
79773509161
79104012827
79164493829
79166930759
79035751481
74953539872
79853903040
79162395075
74953428834
79857586878
79152869020
79161166361
79169334768
73494240591
74996167224
74997818189
79263312090
79104506398
74953429152
79057759994
79680349869
79653216633
79257153350
74958675495
74992688650
79169642004
79261161314
79163060597
74992340364
79689790789
74992688759
79853077845
79603431485
74983155147
79037965233
79162166326
74953155238
78126444066
74997077125
79166544163
79858948517
74953223660
79166183451
79160282608
74953439375
79671621421
79266630402
79165646998
79191395403
79152734382
79266161085
79255077958
74956329673
74996153039
79261808018
79653695157
79037779195
79031868614
79265587718
79175450105
74953937809
79160714044
79036149849
74957349200
74955566752
79160914215
79104337724
79999751240
79773954710
79856401891
79680636665
79265793282
74953395221
79775871665
79166315175
79859970678
79255170519
79269067382
79680382437
79265886807
74999998000
74956583033
74956392847
79168382608
74996131557
79257152889
79166035080
74953959733
74953797938
74952236659
79250741923
79250167242
79652679102
79154735429
79266098752
79269306010
79161517763
79104797631
74967644807
79060906409
74959951123
74953405141
79262334180
74956888241
74956637486
79250297132
74956282374
79267593756
74967623422
79104209703
79254521152
74952583114
74995180210
79651458382
79647225090
79150006010
79772994686
79629095876
74954655563
79671207911
79037681152
79266631190
74957165981
79162388057
79096542484
79057172171
79254461394
79151427593
74953404153
79036771767
74954215642
79774437941
79164238338
79253466020
79258968615
79998654512
74953162907
79266291333
79268391348
79030131382
79268900016
74953097837
79161402819
79167985298
79175901583
79035912669
74953927986
79057178801
79263253041
79150171981
79166212890
79268939346
79162016441
79166342857
74992321724
79192733777
79685233086
79032950490
74953408474
79776776487
79254392550
79255174525
79264174416
79854840034
74956791182
79859355309
79166289294
79683801881
79251508565
79161913008
79169022595
79030036185
74991598081
74958671379
79645900570
79036136590
79167404500
79035772841
74953426776
79096759656
79035558068
79163874964
79151914144
79162601579
79166841747
79037555469
79266191821
79629439340
79035164488
79165063017
79163817260
79851481194
79773409088
74956546658
79031227343
74957100072
79296043280
79296284146
74953116170
79262313822
79261748471
74992646646
74956150989
79167421784
79163272636
79161366832
79261599977
79168413132
79165679597
74997461635
79153624339
79670824796
79253309788
79109485016
79680733767
79999055263
79163875269
74996788642
79264001696
79167056943
79162432079
74992545451
79163890429
79614693609
79857645916
79162123357
79266669240
74953427907
79253731600
79654472706
74991573410
79859357511
79031964583
79197653093
79057888097
79154300258
79263504565
79859554358
74953894527
79197671752
79067855794
79261854222
79199621130
79099423232
79164097172
79057967443
79251067767
79262482328
74956549007
79169128488
79651180261
79261775138
79999728422
79036187117
79255067752
74997431979
74991791735
79265102842
79261200365
79037772070
79165368890
79257418439
79164033878
79099420473
74993086807
79689553442
79150103720
79066296761
79772616152
79652828116
79055572032
74997253458
74957574852
79265982514
79265203045
79096289667
79774720388
79151116766
79035159294
79055522626
79267055333
74953464139
79057487654
79688826827
79253767162
79036601020
79853464722
79017965630
79164723159
79037730606
79859636255
74953473982
74959160281
79266116699
74954512379
79264903482
79067491812
79165015106
79660735165
79153480427
74953484717
79036828061
79181896144
79252930594
79260076076
79852480785
79037983422
79165519064
79162188152
79036638193
79161049482
79166023564
79588004855
79152411858
79264035920
79167325655
79653408744
79264832898
79031525605
79268109948
74953406848
74956623611
79036787355
79015450975
79096459454
79036104492
79160032575
79030163734
79268723636
79266545434
79685638584
74953588204
79264613740
79037976687
79775396181
79161991535
79261548488
79167350686
79168115916
79857993311
79990114865
79162716503
79857999300
79153879008
79268356522
79166289496
74953408653
79524932712
79055818193
79169523825
74956504743
79264143054
79104844347
74956726893
79262063050
74956509321
74953842841
74994786573
79169867114
79060979089
79169356245
79165774317
79168804949
79031439977
79258310451
74953421493
79267201689
79035283855
79261104306
79162614517
74997419422
79999650425
79258052834
79067721624
79187734623
79775332172
79688138623
79165802121
79661759925
79779393669
79775178696
74953418441
79035337865
79057661045
79032220980
79688941915
74992359344
79166776000
74997971373
79263280222
79104743921
79032220634
79250821088
74957045285
79857212456
79032294142
79031509153
79166886571
74953408194
79852801637
79653394361
79057325346
79167023842
79778611933
74956547593
74953462233
74953406001
79629491521
79030168136
79859097579
79651150286
79295076477
79651355950
79261603518
79690510649
74957593531
79998365609
74953959659
79267173949
79035812225
79030015831
79260600519
79671665269
79859906990
79262127599
79851404056
79266087040
79165926439
74957113383
79055248855
79257922892
79168434628
79774389657
74956041055
79104013137
74953964030
79264176677
74999990855
79036235649
79680590500
79165214838
79067576608
79031484442
79175314269
79652512127
74992425642
79772923066
79857696772
79269355698
74997826186
79266934135
79169540316
79197687055
79858920984
74954512133
79036829879
74955450045
79037898917
74956414474
79264711863
79163335761
79258803323
79651669931
74956134041
79163645601
79661754219
74951555155
74956925982
79251523233
74953418029
74953400692
79037939103
79825255666
74956477111
74953938659
79686147005
79031831441
74997840646
79037841591
79038828989
79166275205
79255379364
74991915167
79265900629
79096388002
74956986075
74952877690
79037236460
79857642386
79175431369
79645852620
79099999996
74957169855
74997851239
79265307755
79067056891
79670253720
79017965124
79165010870
74956729633
79254651600
74954121690
74992688718
74957574336
79055129343
74953407882
79296208702
74997023222
79261200300
74997268964
79060666362
79687925570
79256147002
79857776474
79647606027
79645550179
79164455334
79161937343
79037513104
79295455030
79060333222
79160731272
79629866668
79153352036
79032608657
79154762249
74957556562
79057491186
79263904924
79778302079
79295495285
79299653944
79652042621
79035781331
74956178893
79067356383
79166418689
79175599945
79035274079
79774974340
74991383607
79689797202
79671600099
79036848605
79686017910
79652186086
79641474444
79166107550
74965137093
79295999800
79031430146
79850565858
79852773614
79165060512
79031437982
79779376323
79258205852
79267314413
74992647700
79032333405
79255853880
79037867272
79036161417
79037572714
74991875386
79035468081
79299491202
79067079626
79104177563
79660036508
79055123451
79150057055
74991714435
79645690929
79265665651
79163218324
74953451952
79859244737
79164664371
79252370920
79262152609
74953948514
74991898742
74956546620
79778124220
79160839686
79151427216
74951500045
79998217083
79263428630
79853309205
79176172258
79773432392
79254682009
79038322992
79672291404
79647970043
79260676629
79091517547
74956379440
79687595977
79035046860
79104138827
74955492949
79854568263
79035159921
79260583128
79856221278
79104355878
79629181548
74953443614
79092402322
79632227343
74992341770
79154709243
74956688693
79175106036
79166708585
79857844670
79160695600
79636777830
79163105858
79067777896
79039619531
79688265606
79096401829
79263995846
74999400059
79255073600
79036768754
74957558595
74823671529
74956986168
79104895252
79096467733
79260354010
74952807271
79104360828
74957972105
79269080968
74953693099
79265134264
79037606211
79164424263
79163663460
79255182528
79166276917
74956147326
79031634137
74992322851
74999754227
79036720467
79163455505
79201108701
79162152713
79266470812
79653693943
78123185136
79057584667
79257941315
79067293462
74957487946
79267077205
79851308784
74952760861
74953507488
79055035222
79773982464
79853883751
74997249801
79651228380
79250753853
74951392612
74996665238
79637847573
79654312469
74953326356
79162228609
74953615128
79854624082
79152038085
79154234678
79167465541
79267300145
79851614701
79035533566
74953491809
79268492204
79253710027
79775302078
79055523195
79645865016
79262858110
74957774147
79685615831
79031736762
74991483409
79150029045
79258406550
74993177488
79168001058
79035636567
79151128580
74953412017
74953948558
79091689822
74954472590
79032723093
79265268430
79151351781
79777714678
74953099037
79647705005
79037710161
74953965638
74958517277
79260464044
79151985525
79037770410
74953426163
79165258077
79260684881
79269561268
79661409399
79164451273
79773364711
74953428785
74953487035
79165867836
74952877390
79163969252
74953978618
79778383732
79169646411
79151103231
79778719920
79033223537
74953115408
79096814499
79168024836
79169001832
74953918761
74953956905
74953253652
79777515305
79030022162
79153188792
79191008186
79778070698
74953491540
79032724737
74953411928
74953131936
79150798376
79637828095
74953948141
79166431989
74952298662
79151344888
74956522736
74959877100
79036871232
79099889416
79262806288
74999785494
79057866109
79777512915
79151886191
79031446805
79150979778
79778298400
79853190371
79263936793
74959099870
79857890787
74959836548
74957075271
79651368210
79250974957
79261112259
74957130044
74952349624
79680301426
79670575002
79852883663
79167215517
79151493113
74953424030
79153000164
79032503379
79165970162
79250406505
79262328764
79099329662
79165850595
74957184352
79999007223
74991337423
79854721255
74956766209
74956462626
74996789691
74955503427
74957877272
79858914408
79857731138
79197764516
79778394919
74993503253
74999784673
79163387405
79774451244
79166215828
79175017773
79163485569
79033631100
79067906267
79851141313
74953407811
79164675855
79104662888
79175821419
79165206906
74953988952
79853836045
74957151894
79772770858
74956623610
74992325006
79777769805
79031922776
79778152519
79637122923
79151882989
79161339148
79777146918
79257753270
74953520520
74953755806
79261850029
74953972211
79039606868
79060426322
79104764523
79999887032
79154320197
74992492709
79161381164
79037345710
74967622319
74997860824
79166752070
79099711249
79152614745
74955428153
79267178851
79035157017
79857384650
79162815386
79169600023
79998157906
79037564848
79268576913
74953315730
79104368299
79254327987
79261271582
79169409334
79261839688
79262710049
74953436631
79160383286
79671656342
79257037069
79255675312
79167039835
79165611521
79031833274
79998000101
74954535409
79689410146
74992051330
79265968799
79684415131
79661926932
79262534045
79030003660
79262774527
74953720712
79166570523
79032578413
79067007952
79099003599
79032034428
79031367393
79168361975
79150598532
79266081717
74992344490
79253791799
74992320541
74993727917
79266087821
79680050015
74992493051
79153467394
79266464727
79162615161
79031769279
74952414440
79653143334
79164143404
74953421894
79161105650
79037619102
79778350918
74959804861
79161982697
79037478981
79169879164
79152519070
79166382755
79165384045
79258023362
74959882435
74992621943
79261241328
79299219147
79651894544
74986574330
74953419141
79663502984
79637770989
79267340080
74952307501
79645203501
79166551809
79263786612
79773302480
79857680857
79039695706
79165841077
79067190044
74953900381
79778974076
74953908966
79035593080
79265751711
79622426373
79197239496
79261503075
79264212894
74959951632
74955422090
79686930077
79684446888
79169377247
79152598945
79268323596
79263827495
79165569994
79687953777
79670156588
79161049211
79037216399
74959580262
79152398004
79265408086
79268994163
79267260443
79256390904
79261605356
74951500124
74992502993
74952258212
79165126610
79689524078
79166087182
79262184936
79263311836
74953428110
74953664872
79104401313
79776608364
74954115311
79037994313
79152505610
79164282431
79661974371
79255182161
79265712808
79203615985
79779765218
74953610300
79152120762
79265300932
79165022431
79032030139
79265714620
79672239316
79531943351
79260477778
79853488867
79266083524
79262209163
74957136363
74953428913
74953888565
79257682171
74953006232
79096661555
79091528108
79031014699
79687163912
79057046515
79153950978
79162941657
74957150303
79166506538
79166869109
79153508192
79295035272
79687258183
79037247415
79255339918
79151891253
79032744416
74956964926
79859975091
74999464953
79160158249
79060906663
74953089208
74955445456
79150119713
74966470000
79250108800
79661158448
79688154001
79778721131
74952874577
79268631051
79096240003
79165415612
74957753332
79036277724
79853955359
74957799024
74953429619
79166951425
79057855534
74956632229
79261480013
79772896330
79268170089
74995018350
74959679639
79774286926
74953517205
79850009276
74957112586
74997910444
74953950625
79037822330
79258042951
79035778959
79163075570
79032094956
79851761201
79262258174
79166909022
79851426510
74953339234
79671524292
79257642680
79169220494
79775974709
74953654141
79632122202
74991598464
79060391460
79671585549
74953449282
79265937329
74993576173
79037771107
79037188961
79161346355
74967432207
79629446463
74954981175
79037304050
79267897141
74953264154
74996023752
79263784145
79250030055
79777196208
79262484930
79629573699
74954243556
79857773247
79166540348
79852834273
79067949421
74953906569
79168807190
79067695956
79852791420
79036616684
79652138368
79151280082
79162564618
79253535867
74953426965
79264949733
79099301010
79851799314
79096689825
79164201523
79165415393
79772697533
79261784466
74953410490
79169664209
74953404205
79031059716
79099991722
79261606686
79260677223
79152112000
79165895844
74955882475
79267564970
79163803014
74953966353
79629168519
79688066712
79651975519
79672061678
79266148360
