79261478771
79152126767
79645900570
79853403135
79263975225
79660540660
79299450228
79255187884
79167096408
79265578410
79637708366
74956791503
79267238193
79260921347
74992323590
79057334788
79859089016
74953954227
79778334965
74957846284
74953900381
79175551157
79104463077
79162185423
74953214151
74957124479
79163033353
79267067355
79778158108
79295549738
79161336068
79257009199
79629789114
79266522773
79168099894
79036678529
79037720969
79169617877
79263238689
79162607711
79265215546
79055419199
79853301929
79031581733
79636136459
79857734917
74953274089
79051782344
79169925657
74958672129
79680138993
79647789785
74957031566
79166080777
79165754848
79035694513
79163918225
74957465936
79265778199
79104683994
79998220451
79037601594
79262275765
79257209278
79057274853
79032238862
74958670083
79269714544
79169333520
79163075370
79265301342
74957111760
79266724647
74953465352
79096225890
74992617083
79252045156
79165810234
79250447700
79091681414
79262079652
79165425340
79629227984
79091581486
79264771493
74953169580
79035249877
79684412649
79161469477
74957034194
74993694695
79858885002
79067910642
79163362684
79260913632
79035985170
79036793117
74956559607
79032209658
79262144966
79152588837
79168516922
79166754523
74953992697
79055898274
79037203225
74992023311
79055661438
74957772424
74953422350
74959597243
79264322723
79264725738
79265566977
79154232168
74957099207
74953282772
79162113479
79637632524
74957006437
79265876677
79037631701
74955499206
79167799420
79262762668
79258050070
79265779035
79169509950
74953459458
74957464554
79163100346
79197226475
79161473144
79266655712
79851194367
74953430894
79296035034
79857631027
79165746843
79031194844
74991958583
79037902388
79168068728
79267875590
79851137091
79166940782
79035586633
79031595359
74967530078
79256262818
79250651111
79168174516
79999668681
74951505558
79151046713
79251688496
79151134923
79037458412
79032605407
79296216491
79031078217
79067410874
79104013142
79252251816
79031074768
79629944477
79164767585
79035025454
74994810115
74993242155
79857487999
79636324037
74993572390
79265768757
79031270324
74957128880
79629154587
79645240796
79169612510
79637113290
79162622282
79164132227
79175668654
79250267212
79162809763
79773949428
79166447398
74995005320
74953531823
79031465464
79161680348
79773148349
74992452153
79257547548
74953415024
79169854060
79055213322
79257922892
79257500129
79671757080
74953985263
79261646868
79653232437
79269146484
79164298457
79629877888
79859331525
79168004880
79639131757
79269318079
74991226503
79067832125
79037970449
79265603057
79161475244
74953960790
79265570757
74953786195
74996644660
79163914302
74953421421
74953922697
79859992925
79262674435
74953401728
79037321832
74953487035
79037665374
79636560055
79190376776
79057517990
79164451065
79688569381
74952527535
79265679527
79266766558
79057554438
79653978494
79107712035
74953973056
79163386523
79165664018
74953953787
74954610026
79165434615
79683997138
79267517809
74956171366
79680307141
79262280101
79261464361
79852397478
79250669596
79030038952
79169085048
79250167242
79197744147
79255307382
79037885755
79623600037
74953407634
74995179428
74957974222
74996526000
79032781351
74959894205
74997823341
79164639793
74993691603
79165835976
79629787609
79035068760
79296362740
79859230997
79104391500
79258585553
74956461437
79166815634
79260953305
79055700126
79055568882
74956401771
74959603161
79264745592
79031002398
79265582186
79263074062
79037270570
79262145353
79162100666
79854412326
79999226599
79067356383
79856419930
79031955324
79152993019
79261156634
79036234044
79777209465
74991448219
79166540348
74995570470
74956898401
79167066939
74956556908
74967681133
74991728744
79017530394
79166034708
74957018465
79164709467
74958490191
79645106311
74957803425
74993235722
74952815071
74967541687
79252078612
74953422113
79252149409
79260802992
79264013376
79671825051
74952554068
79153901696
79163532881
79165102542
79057516439
74957805629
79857733990
79036787355
79057820678
79096899916
79778167896
79267227337
74992367451
79037256619
79096671850
79067549696
74953599991
79652076498
74953984886
79035208095
74957349200
79161146132
74953418003
79260761299
79850488808
79017830551
79153660546
74952506137
79037503276
79152576577
79259048080
74953400362
74957775738
79645076906
79262127599
79151886191
79856459248
74956041055
74957752575
79031002106
79067774503
79151281509
79099640077
79262628643
79169544202
79251565690
79773399585
79038453011
74991738292
74993235298
74958007803
79031703687
74958581017
79263493030
79162374199
79037425239
79168826482
79672593439
79169223091
79257377730
79055523195
74953227859
79060328772
74953986340
79775308878
79091528133
79057679170
74959894840
74953500209
79652675561
74953420086
79772813325
79296649695
74957832837
79262027847
79037477894
79266703639
79855432129
74989177356
74953135235
79260782334
74953409970
79269161062
79990015857
74991442329
74953978243
79164737742
79269513090
79165646767
74953897879
79686338008
74959963094
79266194286
79259243673
79686102202
79161485949
79099983238
74953932330
79150070546
79036776755
79099660921
79257104609
79269824657
79163890429
79031221328
79168667110
79689400787
79161335231
79263372998
74953434043
74957231001
74993208274
74991214981
79134634825
79168082708
79267502783
79269771088
79096549224
79262953543
79096992999
79651214013
79859200590
79031317401
79152420154
79175055368
79091509916
79266126555
79689219800
79163174535
79261982999
79269068508
79104832501
74957799466
79629329772
74953611124
79263401170
79299415222
74959844111
74955648823
74967547706
79104382197
74959130000
79165212724
79057325346
79161562322
79258451900
79032985262
79250010701
74954953552
74957750331
79261294782
79774238848
79262541378
74997442666
79251551561
74996108767
79645715065
79258899321
74952239696
74957834600
79266320408
79161484781
74953880091
79037782568
79166726297
79256134512
79037713925
79104135468
79162150643
79296111720
79265847175
79167995466
79250878344
74959212868
79060353230
79031052216
79099732960
79262740884
74992450780
79654237378
79653677525
79161032293
79267069486
74996530182
74957075809
79262561505
79260005411
79258866924
74954383151
79164300905
74997058973
79161322080
74992411901
74956543052
79653121113
74957111392
79252451625
79162657715
79160973282
79031920518
74993729220
79168082690
74991926059
79258809212
74953444446
74956739986
79150872414
79152203044
74953954966
79263769953
79851265777
74991155817
79104524400
79263667620
79261439942
79268792372
79160234847
79031061105
79049022100
79312329724
79264636090
79253238030
74956739742
79151165565
79150442298
79150384101
79265630480
79091584295
79099528617
79257211453
79165569994
79057012889
79261206345
79161645152
79261487107
74959804861
79663320970
79772614450
79152854253
74953962384
79163608004
79163890199
79015175678
79104779275
79646326200
73842288178
79169788233
79689569064
74953257694
79661123001
74954985346
79154374339
79039641070
74957907248
79776173861
74957774147
74992320195
79168060424
79670882348
74956556286
74959256507
74952583945
74957485960
74984811442
74955517052
74957062050
74953407490
74959671313
79629144494
79166352549
79636552580
74992403304
79685334075
79265656908
79067304060
79262134272
74992340638
79169728800
79175459008
79672449139
79263153138
79197732029
74953427706
74997434488
79017767088
79686691281
79637673941
79169661983
74953556971
79153338457
79856446244
79036703433
74953426187
74991278454
74958410199
79175045322
74953403204
79266545434
79037126619
79165951725
79154344832
74997841667
74997221692
79857685727
79161368768
79653320055
79104705846
74993567166
74953428031
74953987091
79636708809
79161161669
74951628169
79257447672
79265794030
79165220789
79268293436
79055858540
79168273760
79776175192
79031308284
79645288809
79853315309
79168220917
79164833038
74992324590
79100097863
79153262936
79162630133
74953439375
74953959019
79031648327
79268611205
79161299686
74953404042
79253781399
74953421214
79032600675
79858089301
74953406830
74959161680
79269571951
74953965050
79164664913
79037785894
79169116703
79057367042
74953418980
79100009192
79055113254
79017979485
79250969321
74953415621
79661214047
79166579693
79689553442
79253330505
79197778848
79264358292
79175215089
79152406768
79265964380
74956541741
79162361003
74991257698
79850502288
74953980582
78185346985
79268109948
79163244995
79161958380
79151896603
74954223524
79267339156
79658520777
74993243421
79167736622
79267266752
74955453786
74993174797
74958675609
79152658320
79663616767
79851328812
79652443933
79057228138
79252044312
79165010870
74991731393
79037794051
74953506214
74953922814
79161011860
74953403063
79687763641
79296467170
79153079703
79104172270
79166451678
74953802021
79162002274
79636397964
79161533281
79262105740
79151556552
79037655224
74997223240
79687844308
79262318113
79167922597
74953964268
79260464044
79057770392
74956947100
79166652710
79853654741
74952340246
79166862558
79857636343
79647055549
79160763677
74997631487
79163547054
74953990419
74852230868
74955877747
74957126612
79646451654
74953472335
79168609323
79255094426
79037901992
79257264107
79035210235
79104177563
74956459455
79647741710
79653746265
79169624161
74953042275
79031487681
79263740557
79260305001
79055661465
79167926341
79167933321
79255890976
74992180931
79670249091
79261667284
79161871792
79265268430
79262795090
79045980013
74952520428
74953598029
74953925025
79670448724
79687521409
79167773389
79269922113
79269247874
79774929289
74957253240
74955454454
79636715852
74999781098
79267264447
74991502764
79859831771
74953603932
79167364672
79645353523
74956637820
79151234353
79856401891
79160642726
79853648711
74954284089
79263790973
74999403454
79151104432
74991919397
74953548894
74953411710
79266430257
79055129143
79153536683
79055094707
79869975756
74956710595
74957370054
79169966820
79175895892
79030038807
79169579922
79037147528
79687164455
79152093727
74953925703
79166208653
79163486221
79262821545
79037450403
79153578539
79778062586
79629765535
74992444195
79295095441
79269922020
79269078346
79166848209
74992355028
79017073009
79160210390
79057957710
79169321830
79199661755
79067558485
79161630344
79646388043
79672303131
74991532855
79686012244
79161274766
74992320208
79036604515
74995018373
79169382212
74953216107
79099657835
79164078060
79168182515
79037585369
79772663911
79629665115
79998351488
74991668947
74953966198
79197280522
74952231027
74954526260
79099991722
79250491886
79150087501
79250378869
79197272250
79152230886
74953426411
79258606710
79154386909
79652134174
74957799748
79262736640
79150077519
79853604180
79055105773
79685374649
79671626995
74953421033
79150720144
79165353840
74953438378
79169594681
79265921627
79032139412
74953424211
79856199558
74956584621
79253550245
74955525903
79061327992
79661947495
74956384484
74953950621
79164465591
79096705374
74993568653
79999607877
79254560029
74959253061
79031414653
79105115918
74957118391
74993203061
74956379440
74953217441
79150544042
79067980269
79260840658
79153337229
74954190624
79261791299
79262475883
79670680221
74956933800
79162369738
79164525656
74959153195
79163385253
74951518977
74956758272
79652947711
79032499343
79857844670
74956542109
79035306266
79852267019
79035642132
74953420082
74953528143
74992772458
79055662190
79672858623
79164169460
79163680752
79250103186
79859999715
74951344257
79854188901
79853615069
74959805239
74993504843
74956413000
79091640520
79036157553
74957128432
79257486160
74953471227
74954912506
79250041867
79055946402
79267777767
79851762025
74956458240
79859539007
74965733162
79680303190
74952295783
74956206269
79035668886
79030037793
79251209050
79199901488
79260484983
79265815981
79168364024
74959588225
79645823990
79032337529
74993237149
79152075262
79166443330
79166287957
74991696396
79250946949
74992322808
79031685802
79163871950
74959339595
74952232508
79778494291
79773298174
79163468197
79166091586
79150035900
79031262650
79263951982
79161706964
79067820582
79169147190
74953414510
79853677748
79057908616
79254036195
79257248325
79162197191
79265900629
79777137544
74953997908
79060351928
74957753830
79262641900
74953423712
79163003688
79051392304
79151600283
79687037727
79852206343
79262545188
79031034753
74958658747
79654136028
79055653718
79055486591
79257706222
79262099314
79263395332
79777270411
79169820781
79605615705
79265936642
79150996230
79670030222
79645505383
74953484717
79060738727
74953434079
79152682801
79153000164
79253100184
74953418004
79636108490
79151678029
79629234564
79258592863
79605493563
79067525235
79104224995
74997217486
79266661199
79164380094
79265842679
79262588430
74991275330
79035345022
79037445594
74953417131
74967976648
79262264903
79645103020
79055359810
79774595144
79262309176
74953274541
79267770910
79030003660
79175150875
74967635281
74953427405
74953528845
79164750374
79099944400
79857624738
79775866185
79262579174
79645865016
74953492875
79671234264
79686171588
79639758584
79670931130
79055956239
79777566758
74953964576
79031118157
79168369629
79254538744
79035048915
79167440399
74997860621
79164078525
79096944640
79031093289
79035967767
79169981396
79169906411
79169303480
79060913495
79162448764
74993561901
79163000398
79265262208
79032870623
79152112000
79162293808
79168312395
74953460875
74953582360
79162844277
79774070508
79057960952
74953441748
74953427184
74924493403
79250046481
79099994230
79152943761
79777210238
79163458735
79169992587
79858003536
79162223007
79269466028
79686586645
79263827495
79262580010
79264772724
79851313717
79031196819
79998795468
79262229470
74956773402
79169237569
79261549080
79151105641
79055241702
79262420224
74953289654
79031162569
79851500571
74957135480
79661759925
79167927967
79260660999
74953404148
79037991996
79162208704
79253250215
79689069198
79267223537
79161212373
79254022816
79260546587
79096526713
79166549303
74956547251
79250255000
74955879289
74957133041
79254798006
79067818780
79859836372
79652983883
79778062363
79163051211
79269102133
79164308119
79684861631
79163624797
79273667930
79687841288
79031839612
74957469041
79055939866
79852288181
79037803031
79269633697
79067070627
79151733809
79104896869
79162798853
79153377655
79150879750
79031718377
79776499679
74965411266
74994001827
74991235867
79262858212
74953125352
79295805590
79163952235
79262836985
79773636146
79859779883
79262358839
79251930605
79067356689
79253900188
79371707741
79060499489
79295535343
79165611521
79857741164
79161279493
79167350736
79165245199
79652022142
79162516597
79260654803
79265994664
79202820352
79032221558
79160614674
79099093994
79037751575
79255074713
79859106678
79299357177
79684043024
79250100526
79163007755
74986572614
79629840001
79251940066
79267883582
79853331401
74992321153
79163533019
79163540425
79265602036
74986572964
79035475210
74953408557
79776392361
74825305012
79017739598
79253917671
74953444908
79252257691
79852413177
79154395949
74991273494
74997429997
79671292215
79167393281
74953486640
78790761382
74956581245
79166137128
79150877553
79775808068
74953405302
79166275205
74997222416
79175160535
79165483538
79296343944
79773820696
79851313484
79104794493
79152839935
74957978686
74953693338
79035606136
79163779355
79773735850
74953585195
79096717272
79268682240
74992324978
79269998515
79165400477
79104884088
79265543581
74953557591
74991573410
74996130770
79036134444
74953426291
79998188979
79017790840
79252049109
74953427905
79269337027
79152721577
79260354747
79778160519
79161236272
79652839819
79262134155
74955923397
74958670467
79254653986
79151608728
79998106998
74953419378
79262813322
79031991749
79036273166
79858059047
79653605245
79153818135
79161201623
79165976153
79035427365
79653340888
74953065063
79175713543
79166035080
79852744366
74953596632
79067122580
79296777645
79166882306
79857733887
74992320279
74953450844
79265232960
79152696444
79686178684
79163966918
79104219864
79778958335
79645380712
79153465001
79035866894
74953401140
79671823478
74997399650
79259190351
79856904650
74953434252
79645621526
79687956809
74995798002
74956833489
79853005915
79175656608
79771356212
74957121037
79164155919
79680698165
74953966398
79265355206
79161616951
79165318205
79856248024
79161381164
79587777786
79776484265
79651058166
79263821687
79269900911
79253534484
79268789662
79264243953
74953064798
79199941577
74992323764
79636107154
79251472780
79260344885
79672719207
74957173881
79636214460
79037977386
79160140737
79263248879
74953426965
79168611171
79269339660
74956609090
79099931692
74994878380
79162227458
79031233715
79266698024
79100828890
79031813011
79036290942
79163079548
79268683335
79169352386
79779688414
79032903065
74953964686
79636107011
79296384275
74953588454
79163833803
79857673670
74993566926
79269999900
74953496807
79856105435
79262170045
79031412131
79267242874
79254245151
79686420116
79262494399
79067357475
74955527929
79067490044
79099505552
79175232632
79161451767
79037643254
79165478597
79037959122
79671546761
79266224348
79774869641
79255182161
79262323250
79778035315
79262075633
79998017315
79057736600
79251316817
79165431751
79031221103
79251204975
79160374166
79060722396
79161259270
79166506436
74992323586
79104292214
79652420726
74953492083
74994596674
74993579038
74953494649
79162755403
74997821563
79168067976
79261065875
79296576707
79167229209
79255856294
74959532563
79037767298
74953474748
79168664806
79151193867
74955427271
79250053393
79260076076
79031748922
79857659175
79037495019
79772561587
74991930047
79099185500
79654044929
79166407294
79037553878
79104481598
79856984901
79295383395
79266530666
79265564255
79266595354
79295054025
79154744828
79262836676
79165915619
79250661005
79267313920
79091691240
79997984788
79299926706
79261839688
79266598888
79030071186
79037177767
79037994313
79851238589
79258889461
79269418209
79162268260
79037342410
79055079522
79296525219
79636439343
79779976480
74953421801
79671030974
79261850029
74953423118
79167890220
79035941941
79263370730
79857737467
79035015732
79775654028
79032738515
79299298657
79260330793
74956237349
79168329968
79160621726
79661978899
79035993997
79161231221
79778187502
79037469608
79175852714
79067170747
79639787788
79263088668
79671661660
79685861685
79060682294
79151294928
79661813790
79263273733
79161474673
79166964082
79104865167
74991904154
74953682470
74954447194
79167127891
79629403518
79030011469
74953827819
74967693130
79055941403
79269169820
79032861066
79776006354
79257900974
79096789345
79296620720
79263452533
79653494510
74953420670
74957558811
79060675613
79689512056
74997218279
79030070605
79850007787
79175742106
79161171753
79859534255
79096865566
79853126940
79153331375
79253807362
79266174635
79104447058
74953947962
79161300667
79037311951
79685655544
79670607564
79169368146
79036140189
79161200006
79163789910
79252865456
79268578063
79264000600
79161218516
79857766607
79166695514
79262353789
74953950530
79031195597
79057703612
79161157630
79261156619
74953402110
74953404502
79167321112
79055359825
79056076739
74953441627
79104912761
79167359300
79623651340
79096257152
79265494844
74956544127
74993233748
79263011640
79295658036
79032073455
79104829932
74957705613
79150856736
79653532222
79032544778
74956726893
79851524757
74953464133
79104750232
74995570424
79859697588
79104028146
79531268061
74957149808
79031151812
79104787826
74991975735
79264603898
79651762330
79255757516
79250678774
79859935141
74994571859
74953419394
79037225797
79037818185
79067017470
79060473896
79168258657
79852609949
79853889212
79037811784
79031675145
79653814129
74953554312
79252676050
74996195750
74953582473
79099614742
79152456375
79099544648
79165387865
79153588943
79175189888
79637605827
79099764057
79265240904
74953405465
79153597255
79104848766
79035410325
74955923589
79998234830
79055928305
74994005363
79037380703
79685505420
79265979574
79165302640
79037541660
74953420442
79165582142
74953403781
79166927764
79160740899
79030166578
79858957207
74991272132
79263170588
79856107201
79774971660
74958673613
79651666160
79057852212
79032900271
74953939547
79264748489
79779227118
79266777686
74953462568
79266664000
79163512524
79689894583
74953939724
79037296633
79651268435
79266804570
79036750805
79254957313
79111360394
79688828875
79856448344
79168735504
79857653882
79166572160
74953416124
79266043707
74957136454
79260413838
74955422222
74952323211
79161310013
74956795277
74957306778
79037355979
74986574668
74967634091
79162704401
74954205676
74953982411
74997225280
74954660635
74959179272
79255840505
79999890246
79169174684
78124486471
74955428109
79165544868
74953464041
79255451029
74953748654
79031816292
74953957278
79999863680
74999236697
74953891660
79258278152
79684444654
74953416521
79269519461
79251332858
79057039804
74991288686
79639991166
79166812790
79264927659
79629987878
74996616101
74957799216
79161445477
74955499165
74956413535
74999751932
79262824742
74953414497
79163238830
74959357500
79854346402
74959594273
79057397679
79167195697
79161416976
74956943868
74959261420
79683657944
79175892301
79263689288
79057742845
79165058451
79154276121
79031464287
74996190723
79057118660
79162571926
79032867798
74956547593
79100037835
79258099055
79265033596
74957868582
79037209012
79257093973
79051770354
74957126057
74954190831
79859216416
74991791388
79639996634
74952256200
79684620082
79296302128
79266452068
79670879360
74953405869
74992344410
79057085448
79032855734
79651202627
79262552829
79686057700
74992715788
74953911026
79296075116
79161860122
74957975360
79998173598
79150225108
79299114845
79257276027
74992717786
74997256525
74954117600
74957799040
79169662325
79035074987
79039630088
79037337892
74956621694
79168682842
74952342651
74957273051
74959925617
79778069408
79031680499
74996538756
79055461701
79164909197
79161081957
79999852534
79689589160
79096627004
79035770145
74953504739
79035056789
79645337173
79250631071
79099232329
79032571780
74956773076
79165739768
79383068520
79265875143
79166245255
74992329446
79039764048
79998088989
74953415639
79663485498
79771178701
79032570627
79035767495
79153072120
79652455989
74997411219
74953443665
79168310571
79774221092
79651798797
74953455078
79687541035
79857690901
74953424432
79250104681
79255062344
74957013993
79057664940
79037481251
74953034507
74953372432
79067471228
79165008246
79269196605
79858695878
79165059831
79262220848
79161287301
79637773953
79151610482
79264052119
79165554690
79163956068
79852828182
79167670841
79036127762
79057403652
74953407387
79166800229
79036660488
79099723076
79261662316
79036687646
74954433628
79167136650
79859623804
79166607151
74959564225
79645751575
79251588373
74953965205
79166640990
79168305283
79265211734
79163560227
74955488717
79104725352
79672672679
79256359067
79264609972
79859665894
79775953084
79857345232
79035737988
79164347927
79168326626
74997426297
74957129329
79055307592
79030009702
79268297058
79660780709
79164442303
74953420468
74956559729
79265851661
79262050255
74959212800
74953599650
74953902741
79057617071
79670010823
79636751558
79154856975
74959418020
79096300915
79165720403
74953422351
79163024404
74953425697
74957170467
79851844646
74952312775
79163289642
79264082778
79161496227
79065057230
79258509051
79150071400
79653676986
79262120776
79645550686
74957555503
74955516405
74992269534
79031018117
74992269532
74957111702
74967637835
79153772897
74953937418
79165550473
79099702109
79670170948
74957771343
79680728580
79646312157
79154909750
74953413308
79153075983
74953412807
79663722330
74959413933
79168511019
79652368200
79096574137
79164884912
74952234667
79166886571
79262381408
79107698920
79252086900
79036643228
74954190826
79039611862
74953442966
79653473138
74957339229
79254163260
79660431418
79096563717
74959423797
79175556595
79015932406
74955453838
79639666080
79154769338
79629570003
74956592729
74872483836
79645741836
74953911586
79268409292
79296932719
79262182989
74967643869
79067009324
79166253071
79104665274
79261371741
79646354661
79654030955
74995765533
79258098885
79169257434
79162962702
74953632972
79104353465
79037415823
79036877128
79057859058
79637275828
74953473348
74956123834
74959807329
74962159283
79859958675
79647777815
74957975828
79269609014
79164723843
79037890637
79604934364
79262333346
79262255516
79151288582
79267398165
74953962874
74953552875
79859204701
79263901092
79264236353
79251139870
79261591424
79262375473
79163863059
79037557144
79266202660
79060857071
79104791386
79263212481
79164689246
79688179220
79166726389
79104067965
79855041033
74953278458
79854191387
79162188848
79150760895
74954430763
74999668414
79268969997
74967734819
79166864471
79031017950
79778843226
79263990618
79163876368
79163487969
79100094534
79035478022
74953954527
74953406511
79258968615
79854123957
74952303027
79151213138
79057174101
79851202940
79156272835
74959173071
74991106105
79629195948
79268947426
79197649507
79169594185
74965628115
79257149718
79255070388
79651458367
79166413363
79636226920
74996139138
79167247058
79647927403
79267057010
74953226392
74953427523
74992661858
79039664847
79266464727
79164973575
74952345791
74993243564
79637504651
79263142660
74955994143
79163652502
79175126296
79534793573
79162228609
79104634797
74956326519
79167112813
79032387308
79175638942
79104804471
79296468703
74953332504
74996579512
74954320542
79998161412
79168216828
74997097462
74992344617
79175802163
79653574604
74953993261
74953539745
79636920879
79162053171
79250081585
74959802498
79265787362
79639629460
79263007808
74959823323
79035552782
79166606364
79529682407
79153821293
79261858115
78005551661
79686814227
74953287350
74953961386
79265442561
74999404736
79296428195
74953420930
79261720858
79036169597
79152223267
79165679597
79265847694
74957880979
79036810975
74959345568
79255006670
79262245004
79169221218
79671896333
74954679941
79637773309
74997344342
79299315870
79031249400
74953997429
74953413588
79636595440
79255067752
79151835347
79150219860
79160609634
79851822039
79639229144
79165328538
79261122023
79670373330
79100191762
79999705857
79251315508
79150196410
79269219941
79161624564
79268438593
79265298985
79263852142
79261848964
79057310075
79100136033
79774442195
74953467634
79629990388
74957592143
79161322367
79997807984
79852108344
79104212872
79152411858
79031887417
79031334575
79067094793
79257388522
79056340689
74991531661
79858586383
79258022819
74957137709
79150833754
79636520942
74953879254
79165136302
79266077832
79267646863
79265106489
79039769910
74953417515
79686054499
79260879141
74989177147
79104808693
79773289487
79263479079
79031021036
79104722979
74992005364
79152911121
79269160255
79265692453
79163836161
74953117200
74953982047
79057888040
79851484733
74953922026
74957173887
79191032757
79191000907
79686279463
79262044179
79854856252
74953553113
79057458415
79629797247
79163215676
79160447853
79623630532
79853040659
74997431979
79099025991
74953405811
79258501696
79165195695
79262744219
79161011139
74952131890
73812219191
79663240211
79165270888
74953915411
79163535913
74952580400
79162495002
74994263729
79165246209
79037993431
79299158826
79166729924
79153200538
74953947438
79161442369
79250008309
74999400740
79269009910
79199944965
79167438538
79036771767
79164331026
79166512981
79035939035
79253765597
79162463847
79260522845
79091539026
74953482621
79857761396
79266630402
79687529590
74953018241
79259277080
79166320986
79036611392
79060832847
79252755971
79265317079
74953409374
79252326665
79037205707
79854018229
74991239082
79256390016
74953416474
79670874585
79150169276
79261301076
74956543942
79263546415
74956581503
79067945707
79163793421
79164564307
79299759598
79057189935
79104918717
79165485878
79645656354
79262881828
79671753882
79857689357
79646319231
79154244545
79251047122
79015435111
79055422489
79037866695
78123261313
74953412594
79055731898
79663320106
74953977741
79161938433
79150555444
74992321145
79265743337
74991292613
79260972620
74953421110
79269781000
79265223046
79295341703
79104267296
79268980861
79167038016
79997153929
79663268761
74957136369
79162114798
79267084999
74958670511
79267026387
74955429205
79154666217
74953405639
74953419108
74992367963
79099886746
79167231772
79037163582
74992500572
79032115513
79267682955
79032913080
79168855724
79066296761
74958672626
74953411178
74955891178
79256146550
79037826975
79167797470
79264334341
79091673133
79175780828
79167788353
79015099895
79167745170
79168760251
79151488627
74953938397
79202523042
74997826186
79162687000
79150007747
79878567673
79538595050
79165383864
79031881000
79264085121
79255856250
74997417262
79268202332
79161223333
79161188090
74957706385
79773098801
74954127096
79261154729
79104527268
79035482512
79250329264
79099227192
79060292805
79661305549
79854411636
79067036484
79164075358
79260561673
79167769025
79035759479
79267332321
79099997171
74953420115
79036139597
79031547020
74991922178
74953508981
74953418594
79163386336
79057434642
74953404642
79261738827
79096355342
79268631647
79160919101
79161761876
79167320370
79779010416
79267792901
79851257770
79262232447
74991483789
79689479377
79190172575
79295812526
79167631307
79168818787
79067009419
79257728274
79652285400
79151982939
79265376026
79035442955
74953408052
74953483319
79150956074
79257255049
79268119744
79164362336
79859295772
79255665432
79261601284
74953962189
79032946525
79654279585
74954207834
79999735880
79661262333
79266241593
79686224209
79057202776
74956862097
79167005801
79265900277
79654411714
79261310003
79168729290
74954662400
79167513151
79032744221
79067382707
79160664685
79197773272
74953467188
79256652889
74953934509
74953510127
74997273903
74953074804
79262483647
79096663573
74953403101
79057785670
79263026347
79169128444
74955035286
79269632992
79778302079
79167458434
79096943343
79163264802
79267808772
74956973019
79037459039
79263537739
79165202066
79037496149
79674279585
79687042555
79164701416
79262623891
79257778609
74993208947
79031684888
74953953183
79165920517
79030106975
79263544821
74992356846
79167263672
79030001970
74967614637
79099488850
79166942389
79104504780
79166596961
79032752800
79165143570
79859927909
74956602424
74997414043
79858005010
79776560708
79099498440
79165012207
79151996871
74953489989
79269950990
79160618586
79255313083
74953469961
74957583647
79772792198
79854574350
74956540311
74997842805
74954508031
79169022595
79104076558
79636824949
79164929936
74953421753
79670389716
79857690085
74954218297
79263758423
79175653069
74953405945
79263931253
74992655932
79262654802
74999401060
79776167821
74957776718
79032771260
74953422688
74732502951
74952680482
79057591332
74953630532
79036848201
79037731358
74958673500
79060337206
79857765489
79162740570
74992321142
79169489100
79166858810
74953428042
79167783695
79160695600
79654040250
79687972746
74992340552
79163650455
79686563387
79852173255
79169757916
79175540590
79258347945
74953448396
79165286749
74957880423
74992600516
79067803656
79067250151
79151255347
79296803442
74957129224
79851040009
79104343630
79154360476
74953187023
79055843530
79264650568
74955493980
79663401335
79255890771
79166276917
79153666362
74995038778
74953402591
79163403079
74957777526
79031960113
79036185881
74953420728
79259060116
79057239709
79154914042
74957153288
74959563681
79152520071
79031340832
79654340004
78005008863
79066620868
79197640218
74992731714
74959537356
79031674398
79296492265
74953227934
79859294252
79096236384
74953791789
79036140932
74992321967
79035832549
74996616074
74957853311
79651150220
79165410677
79161910481
79165901791
79161836464
79036849262
79252035395
79032845513
79645385728
79162725743
79197699929
79267279767
79104012770
79265208020
79629390862
79166823711
79037373036
79032174054
79267675562
74953851157
79252839010
79261368086
79067851585
79162970166
79161976767
79263613106
79166023564
79099995626
79036181300
74953947424
79637235763
79636303611
79035806511
79161294730
74955501799
74996186732
79167421784
79265678998
79150904325
79672040960
79057712294
74953427150
79091544411
79261236211
74957167872
79670555118
79161702189
79175023105
74953422363
79168883330
79168627987
79250167180
74953982479
79250241113
79261550552
74952879943
79629267372
79854428873
79857162768
74993735574
79104028445
79035200087
79689684968
79165519064
74952155404
74992355517
79099369555
74953786185
79168244234
79161168432
79165656879
74956625051
74999998000
79032466862
79161523553
79175576921
79055008830
79037368689
74955985717
79161589546
74952552832
79055903614
79689605344
79152487986
74953903669
79164648230
79057978191
79645093235
79671978757
74956775080
79999281359
79166012956
79258902303
79268163577
74956258688
79150030903
79031531074
79296774488
79175320454
79262416273
79168241428
74957392140
74986579114
79850817751
78126767081
79057078627
79039687711
79859961795
74953418834
79851720716
79774624118
74957390404
79167119895
380980117777
79253489155
79163105858
79169733972
79091580110
79969703968
74953664872
74954345956
79154050583
79260499993
79260324892
74957129464
79265281749
74991990779
79036191730
79772810390
74996789691
74996133854
79637771183
74959742891
79264676791
79169886690
79265373742
79032947427
79152204024
74956619690
74957770699
79268509967
79153157229
79268538308
79163120664
79161801993
79646262711
79160124879
74956390138
79035586734
79778579608
79265873212
74997311708
74955516783
74991975656
79258271196
79776874585
79031898018
79672547744
79167069352
79688840037
79263002606
79647242000
74967644215
79153935215
79250257325
79255176735
74958271720
79060906409
79166981111
79255118007
74956757210
74956545635
79164941734
79647664396
79295309783
79641474444
79260358847
79661671523
74993731928
79031056535
74991417018
79057863259
79637189711
79037121958
79162671565
74952298150
79262111671
79670100077
79260534709
79255076749
79585576601
79150692092
79256528125
79099513705
79032534010
79296504560
74956908740
74953429938
79032929142
79663761780
74956589342
79175150164
79645605518
79850488242
79067638866
74959955230
79153271316
79261004099
74956297987
74993561050
79645728684
74957483033
79057965797
74953953070
74957372777
74996826091
79261683005
74953964134
74996382638
79671966728
74953811529
79269265204
79265556648
79268616791
74953597797
74959961051
79202215068
79660853196
74953931810
74997412994
74993566849
79647658028
79268646925
79265200773
79671278489
74999040823
79035690109
79104073407
74953952711
79651134396
79036281032
79774730766
74959536560
79853899813
79773970250
74958517277
74956655600
79852242878
79269578906
79684761515
74953426266
79859829689
74957050876
79165833975
74957976445
79261380548
74999404314
79161852593
79269558901
79859975091
79265571232
79264439721
74953452290
79168613146
79859379704
79164486880
79162010091
79653581436
79163195436
79639637611
74991485697
79267118576
79031102275
74957113127
79255628240
79856000556
74956085838
79857835094
79100840399
79268059723
79852576039
79104544835
79166278058
74953998296
79260209767
79035209287
79175094455
74953405404
79269445957
79160301350
79037547070
79851189754
74991207153
74959514231
74957343698
79255093932
79166141292
79651655261
79261636467
79035006550
79154207261
79194115011
79267519201
74953443164
79161197710
74959188755
74959845444
79252453008
79629342701
74957111155
79151210660
79255079881
79688087078
79162863971
79154345717
79151151463
74954221146
79055917985
79654238169
79653422949
74953913209
79104018023
74991407476
74991345551
74957144384
79265264226
79164109404
79857647810
79036166919
79167409721
79647088778
79639224175
79057318708
79161436070
79166862604
79057790506
79263391961
74956964926
79166649202
79263077781
79166104072
74953939742
74951959208
79091660826
79037922435
74953275961
79161309980
79169067313
79671835324
79168005703
79168529879
74997931757
79859099002
79033635850
79164759692
79150979846
79851559596
79035656394
79009675564
74999752197
74957799374
79265211085
79776427955
74953468676
74952283088
79031019335
79254765477
79773100492
79165251799
74953411526
79773484388
79161036304
79031035690
74957414021
79651700703
74953972089
79261021844
79161430015
74957098465
79266693556
74953802267
79055450399
74992343718
79037223330
79104012131
79169979435
79853458218
74956406470
79154974880
79652896699
79055620367
74953330753
79162590473
79151907983
79774906492
74992323524
74986577956
74993721714
79164374511
74957392517
79268851010
74959951001
74957006605
74957879291
79295254745
79162049385
79684729818
79162715902
74956274001
79030110317
74953415252
79151703707
74956631100
79168736888
74953410762
74957395039
79266179883
74953803040
79166783360
79269134872
79167051398
79263010396
79251401170
74955102695
74997293347
79268258766
79165360032
74912962639
74957833048
74953907767
74955005010
79035901120
79031999959
74959267799
79685517130
79161695678
74953405232
74952151671
74958670920
79689476514
79057228973
79639979353
79252301268
79670230702
79169415556
79260110544
79166774365
79265795025
79166294106
79260876565
79160599398
79036836068
79647124442
79165877877
74953422843
79163707160
79104506398
79255337780
79774169013
79775322405
79603267424
79036635987
79166414178
79036111062
79037420808
79104058890
79260014440
79269089588
79267381327
79154255455
79859674520
79998998786
74953855885
79032166223
79260957396
79067834732
74953332471
74953408206
79254726643
79150008658
74954423990
79150910912
79250432996
79164056223
79165863401
79857259791
79161269623
74953410294
79261731802
79268887393
74989176115
79261919881
74953993709
79031402695
79265695507
79671302001
74959561132
74959848173
79852030665
79035606036
74954253066
79165903491
74954229701
79852269545
79261132003
79035610910
79037299680
79263305405
79166279862
74957872542
79262676099
74956688693
79169252988
79169729729
74953406228
79163779956
79037598820
79262545032
79661641664
74953168129
74951375637
79164513901
74953499634
79150798376
79687092219
74993230102
74957870597
74959508179
74957850309
79037599798
79261452406
79162879704
79055100831
74986573147
79031439906
79151318080
74955369402
79257826626
74953423465
74959211584
74957923097
79852773614
74992456634
79032325853
79683392233
74991408125
79055369621
79661931903
74950252020
79163244651
74957794052
79162510130
79037221739
74992320157
74957334370
79651259629
79636718282
74991245604
79165117177
74997218147
79039691902
74994260882
79163387346
79169398467
79096759656
74957754455
79253674200
79267013912
79162340998
79636537533
74952155635
79032389154
74993247217
79771392015
74957772601
74956994903
79257406191
79169682688
79162703737
79653004624
79166056434
79162102775
79175940901
79165049434
79175233964
79623672225
74953421659
79671822546
79160772656
79685805549
79151232229
74953440952
79585587130
79175970787
74953472578
74953403576
74953989056
79859961258
79262408356
79267081142
79663197548
79067894478
79163838098
79266800723
79268397177
79773748854
79651643753
74953415206
79263622300
79260114866
79168416630
79032482687
79160525727
79859381102
74955000135
79264345083
79150778845
74953974368
79253372072
79057241957
79175129970
74957060731
79161855565
79163904151
79031286977
79254001046
79169796196
79164499428
79164495828
79162960824
79104875814
79151877767
79032549655
79163782947
79096628406
79654403419
79852363534
79263213327
79852574860
79254378381
79653365622
74953978733
74957142184
79261033726
79031961769
79104518046
79646403517
79168186008
79253033162
79269305255
74959327180
74953374532
79032780684
79992553021
79265237924
79057131093
74953508371
79035060484
79265684586
79653617990
79265268093
79096991330
79850051770
79269155172
79776041916
79036687896
79160988582
74989177342
79253106832
79261800520
79689988539
79689797202
79160422702
79165713628
79175600494
79859783562
79104236613
74953422431
79268881735
74993246863
79104455891
79260302301
79251770265
74967525606
74992340507
79037573399
79262721489
79055737485
74994777062
74953932992
79651550009
79265470416
79150108300
79776159938
79854274757
79259079296
79254442257
74953425406
79032656332
79856623557
79175100077
74991976948
79160011505
79857125533
79262202726
79037874421
79055373148
79166878108
74997846412
79689960816
79163086963
79618537708
79261426665
79257000678
79104144888
79853087838
79150875157
79037983140
79151671428
74997258160
79779473226
79255184454
79250367828
79266168305
74957065661
79060604308
79166562252
79647238140
79777137950
79037878600
79251587097
79687418008
79166918862
74956546250
79265311708
79060611245
79163828168
79299173442
79856414304
79057138423
79164636323
79636566486
79268213808
74953418276
79853836045
79255258629
79265263141
79099313060
79166513131
79161191731
79169142747
79037772070
79067803411
74953161834
79688035307
79092344466
74953412987
79266574378
79269691448
79161807448
74953416429
79163430973
79162475407
79254405590
74997432316
79150338664
74958490752
74959479778
79257304860
79859999273
79261222841
79256099090
74956188146
79265341341
79773298461
79265267325
79099316964
79689949874
79169560977
79161271574
79253765790
79250261721
79168516528
79859827721
74953424030
79031465453
79060994864
79031590642
74996131068
79253775591
79647105767
74953409771
79031827388
79153686348
74953428123
79265278291
79857690650
74953462233
79037578719
74997413782
79251297887
79259043321
79035466767
79057375066
79032263007
79167186622
79162106275
79032423433
79636457015
79166705299
74953920220
74953960791
74953951014
74996137984
79852339494
79647840449
74959311226
79166886044
79175206738
79163548375
79160411429
79252330903
79031980838
79852998311
79031769279
79060382666
74953848980
79039763773
79167104203
79164934790
79268694716
79150575825
74953580907
79162415000
79263055223
79165259057
74953482218
74953939467
79154344990
79161206087
79166055207
79264171858
79853028688
79647211821
79687661917
79859575387
79262188877
74953409057
79670058940
79035510046
79859832245
79772810290
79261182522
79263264448
79197860012
79165366711
79031028202
74957518679
79260111461
79262051077
79199636149
79035367833
79250121222
79167285356
79684382999
79266429702
79152763979
79854452250
79254109607
79166036773
74953975902
79104127759
79265395110
79036100719
79265800667
79636645176
79651507994
74992604759
74953415019
79039734976
79637555344
79035924080
74954334305
74995580659
79877595556
79629066911
74959569807
74959582122
74953438132
79037237557
74957361750
79250105702
79169149962
74992420008
74953403187
74959365461
79099094811
74953511326
79295686088
79639654548
79851481791
79057627621
79261439702
79629087977
74957777240
79773297486
79031031570
79774391448
74993571433
79030052123
79266729717
79168808572
79268782904
79201493645
79637747274
79266492325
79268102076
79636579242
79296653608
74957790111
79671580609
79671757767
79853328907
79165124439
79199954892
74959935649
74955392900
74953956384
74952807342
79263790923
79255675312
74953880059
74953903348
79167328863
74953997750
79660413664
74957127470
79165970162
79264380952
79263454653
79661404966
74953716282
79096321168
79161480058
79268124679
79160955200
79265940705
79163552693
79067849468
74953923183
79265265868
79166107595
79654314602
79253858239
74959611304
74952155568
79265832293
74967543477
74953415841
79035492739
79661412620
79091638944
79262760668
79859821695
79161754472
74956605433
79035141981
79039621880
79253752670
74957757505
74955439555
79166625524
74956419101
79160714044
74953903682
79851941999
74957705918
79645041057
79151116801
79852227666
74992321243
74953969506
74996167224
79254509155
79261389316
79253705738
79262030829
79165672728
79851315247
79165104179
79851720265
79037579216
79161861072
74993234037
79104134807
79859877944
79265682795
79855112933
79167251633
74956592060
79268644273
79161445239
79629833006
79160626152
79651999295
79773297453
79036266158
79660210905
79165911469
79096308489
79164476537
74992324721
74955316890
79162201512
79165259365
79169203067
79645226221
79165940152
79031828059
74953589235
79269580982
79265483734
79164221447
79267770766
74953599108
79030077454
79859912320
79672513992
79266087040
74991295729
79265643393
79060681749
79067745390
79778087707
79175235438
79260788946
79055280085
79257135117
74953281308
74953874418
79031028771
79265731854
79037318834
79779420650
79263289475
79636678622
79168508060
74956559427
74953413039
74952293360
79773624405
79859919094
79035159921
79035151752
79199603854
79035130187
79163506510
79104060111
79104125128
79037000616
79154780198
79857744193
79685680006
79067280911
74956073441
74953416973
79670232318
79295035272
79165538348
74957124453
79166701844
74953478932
79266275445
74992643470
74993464805
79250552378
74953956333
79060780345
79104013137
79654014418
79037904453
74953424496
79099165140
74957091891
79166128044
79254807784
74955005786
74952807271
79250295833
74956648933
74992343031
79154002002
74957577379
74953917434
79153797812
79772792306
79257722380
79261636104
74967480384
79055797994
79154997797
74957333785
79037601716
74991284561
74953404991
79166358683
79105836401
79680564657
79099844164
79175886376
79268309219
74957385641
79165508994
79032964863
79165244860
79037944329
79261801944
79261880144
79067985567
79265958525
79169761552
74953511349
74997096046
74955105001
79266034034
74959330524
74996145881
79651465458
79036661946
79852838425
79773075812
79629051954
74991371317
79037410571
79269313045
79096861169
79779363657
74997459273
74992325427
74953504173
79163741250
74953445003
79651578745
74957219094
74992324092
79105284650
74956782429
79998296259
74967604230
74991535184
74956601886
74953225759
74952289992
74953959909
79852294938
79266174054
79258304707
79164772489
79264996511
79067007045
79096823078
79773392115
79251155075
79689337528
79055447597
79261552017
79629327070
74953593266
79162161757
74957481169
79037553521
79266744311
79645323292
74959886088
74957059401
79163795516
74957706675
79152075927
79165717880
79263697055
79036285686
74959474383
74953155359
79152664047
79653852773
79661666872
74956696490
74953897060
79166305265
79253562023
74957135349
79031856686
79035997384
79629282851
74953967812
79165540398
74992325194
79778514595
79266796420
74957037212
79104742098
79037344569
79265717725
79637235095
79099381398
79166271589
79162738972
79854364320
79152072848
79091680900
79031736762
79039683765
74956768666
79151001033
74967676613
74958675949
79166548084
79999922360
74991571894
79258813195
79163089063
79263696331
79688529383
79852012847
79637574040
74953029632
74992721284
74991758307
74956909559
74953979036
74953334888
74959372737
79855047303
79269775099
79266886818
79104274736
79150668994
79263612884
79773107536
74954228909
79161999569
74957775545
74956250627
79883876511
74956411212
79639776858
79207916339
74991250479
79166846109
79162299665
74957799935
79153886861
79160108790
74994899317
79036235649
79637199253
79036682768
74957854403
74955892135
79035309368
79266628700
79269313804
79104013134
79167436842
79031309427
79629468899
74967546402
79166403805
79150155651
79851557170
74967268381
74956655960
79265305486
74951338695
79167078155
74953405290
74952803539
79261345815
79150684056
79775178696
79162601579
74992451146
74958270062
79035448686
79778617407
74992580200
79263651072
74957172004
79261487196
79163885830
79032958730
79165152707
79267849899
79265849256
74957810653
79104695152
79169050823
74991507173
79031631351
79167865596
79060823770
79036681707
79030176718
74999403534
79687090369
79264261315
79267517579
79684020270
79261444641
79265199516
79165623646
74957473867
79250253937
79258455583
79854375719
79036757737
74952150362
74959337300
79258593168
74958670515
79164690065
79258410330
79150098243
79057004005
74992323332
79154872884
74953422770
74953962684
74957341510
79067633876
79036737587
79055801302
79168520797
79252992809
79268551035
79250856230
79163846969
79670640732
79165352022
79257022967
74953416643
74957102353
74953405418
74992192743
79267697898
79017045626
79164859303
79104764523
79774911910
79261167416
79253594919
79250951827
74953432151
79652349777
79162554525
79267028268
74953464139
79105432810
74996123544
79261444016
74953280486
74953916811
74953425630
74952251940
79671421673
79265801856
79257250595
79150000451
79169502645
74956074381
79779678257
79857642386
74967645963
79852832576
79150078586
79262101688
74953517323
79168133694
74967638379
74992425642
79054993882
79154831644
79859668524
74996183367
74986577022
79037119422
74956882628
79067464470
74991739544
74957705700
79255858375
79605179285
79265089944
74732622901
79091692148
79169744676
79858339662
74959264742
79169260662
79269550825
79263774704
79859203799
79671799907
79055767887
79163743478
74952210751
79169623064
74953155238
79857243374
74991374503
74952870410
79166418689
79161914838
79264034379
74959812833
79035334413
74953563408
79257715819
79037459135
79160742668
74953360091
79629991000
74957839435
79257082920
79060608181
74959817094
74953426306
79688239159
79032189960
74952216921
74957714088
79104543465
79687651517
79035283855
79197207131
79015786109
79035353898
79773428430
79037142514
79165627847
74872230486
79037225451
79100097899
79197788788
74957978036
79197747219
74953403366
79651014027
79057448901
79166991477
74953515501
79262350755
79108661939
74952349885
79663810311
79151933130
74985537233
79859073956
74953089046
79165396143
79268202877
79151223535
74953981927
79055453545
79100894401
79154506090
79629569996
79032433320
74992341782
74996089270
74958673106
79162026525
79670785837
79017797620
79269145430
79164151499
79267500563
79778501671
79299719121
79670905199
79777561469
74953441663
74952235511
79269486777
79166819451
79778283320
79685294400
74953302532
79104575690
79258880455
74992553103
79647111899
74953941983
79197207424
79169024179
79166468371
79152750694
74991735164
79778738247
74991158602
79858028250
79654042233
79175392367
79310056560
79772640165
79268687341
79154614120
79169523825
79169438085
79164445603
79296775642
79250302497
79162347155
79672146513
79773579935
79776890292
79262061177
74953414352
79684611687
74953250135
74953436525
79035974559
79857736296
79859917638
79266292838
79031584600
79530112075
79153210696
79163104425
79168845584
74956065834
79104598037
74955140274
79772989190
79166043123
79999606288
74958673568
74953971764
79168591088
79165105187
74991245635
79636842843
79161726466
79267886923
79248533331
79161307101
74992345378
79161183886
79266439796
79036690337
79169592271
79161705825
79163071875
79162955309
79169592267
79263170902
79067289727
79257912223
79276114813
79856400737
79166086367
79262332355
79161134098
74959372385
79067588787
79631091149
74997090151
74956607190
74953982356
79030057619
79255144249
74953536805
79651582126
79160244290
79165714364
79637286797
79857870251
79164629248
79165332910
79032505455
74967525482
79161644919
74951392612
74959270707
79168887703
79251913401
79267201689
79035691213
79161584162
79859655784
79637847589
79168442271
79253080029
79060439219
79686060643
74952815092
79654071143
79099697799
79032233777
79267022334
79036113482
74953479415
74967676502
79250362922
74953212887
74953424887
79854913766
74997877777
79160355355
79263053395
79031587781
79104228257
74955524980
74952767765
79104436490
74992323297
79168466783
79015193110
79165828382
79295324961
79163762217
74992325750
79169492004
74967623331
79295261647
79851370371
79057977030
74956637486
74953199998
79169568985
79670305262
79773397089
74953459270
74954258675
74953930145
79774976532
79163521932
79257866634
79154054454
79267070261
79853084161
79057700246
74953519579
74956896866
79687123489
74997394226
79160080623
74999069864
79859784004
79160839686
79031276637
79854117542
79169087419
79165044060
79167042288
79164307074
79639210040
79191080490
79637824669
79263280294
79859233940
79295753325
79776890290
79684356739
79629137909
79152184893
79300117575
74997432223
79031467513
79197650420
74953425709
79164101913
79688828862
79096757572
79057673706
79261192040
79197767472
79263057275
74953449904
79101574058
79150780635
79150391625
79652128743
79150495864
79031982801
79774470293
74953583321
74953421428
79652322680
79165041058
79653695157
79685610100
74956559284
74953415424
79260257715
79254409002
79854292240
74952323913
79687616707
79161553744
79162918587
74957076651
74954121690
79253398534
79096819898
79999834784
74953401344
79265238122
79169598168
79017964301
79261010134
79260151021
79104374321
74992686374
74992321879
79253471314
79104762063
79268587213
79037986850
79258252067
79254378115
74953442541
74953400312
79035007880
79057973687
74957098481
79037071247
74997215723
79099653167
74996153039
79067736656
79651328688
79257871676
79163563874
79684313011
74953941903
79169798794
74992484274
79031610390
79150754815
79262315106
79295515831
79037988172
79160232023
79251740222
79169722973
79161787651
74953434172
79031402833
79299777732
79153883433
79263254797
79671326459
79152937423
79269001562
79032165274
79057005719
74955551194
74997826114
79154959933
79652732095
79153315938
79250904750
74924323384
79163767958
74997412912
79998203043
79258353190
74953409313
79175056419
79150053272
74993231668
79267842322
74997805077
79652900681
79167360239
79037393124
79104164975
74953428291
79163566930
79164631054
74954233118
79250966720
74953594446
74953297486
74954388341
79647299729
79165317245
79858886688
79191020370
79267282658
79039730728
79689216568
74959171898
79055724950
79777479921
79169580248
79999284514
79151570761
79264720642
79167073127
79265224622
79266938143
79636388245
79262779114
74953421501
74955441070
74959151687
74953427093
74997863190
79162122323
79857894557
74954238221
79850470808
79265614078
79153710404
79169257041
79779365824
79104893933
79636726326
79264372232
79104218869
79661753550
79057855284
79104747700
79166657732
74953402835
74997486823
79167185414
74991321727
74953479886
79636083108
79161504597
79263053372
74957062398
79031553802
79032957925
79165019011
74953418223
79859816042
74956558286
79265502090
79853607187
74993572337
74957057740
79852233215
74953421079
79672910431
74953657032
79035977794
79258713269
79108153377
79036131266
74953420661
79588193765
79636795671
79175819942
79262180255
79161552640
74957158950
79067877411
79265749084
74957700150
74997943329
79647800040
79169628157
74953418979
79035816419
79262357785
79057507060
79017848382
79265744777
79261770804
79032509318
74953056582
79032493909
79263324499
74953945181
79166977105
74953946359
79151018181
74955585998
79162070877
79163900224
79037886310
79299917882
79266436891
79152014277
79257716800
79243044444
79262037120
79250282428
79166102822
79266103015
79859774689
79260452060
79853504725
79636829390
79160658352
79268634727
79295934498
79269363511
79254700500
74993566534
79268699390
79167958046
79629622799
79268353221
74994013147
79263365716
79295686780
79169147278
79261539751
74997553050
74957799302
79163310315
79253866077
79150603892
79152949312
79263290943
79055200518
79652347207
79266109273
79647174522
79778028880
79629095876
79687518567
79265530172
74993204836
79151035451
79266393366
79663537670
79032972162
79032787198
79654182206
79175830797
79263144646
79162733833
74956592142
79773946645
79262873654
74951816060
79096726267
79652594029
79035685137
79266044297
79266051576
79162453292
79035485269
79162978554
79035603641
74956602442
74953919901
79774871381
79372260607
79852673200
74953415923
79161566453
79663284648
74957305520
74956592369
79774681801
79267041205
79265849161
74953405424
79039619804
79202570189
79067908649
79855113111
79104512171
74953956266
79161919026
74952870333
79853087528
79167151509
74952281733
79269531845
74991772607
74953588527
74958670146
79035465412
79299919348
74952230001
79037151126
74955369209
79295413827
79032224549
74957149424
79067874143
79091561399
79168101013
74957306601
79104516933
74956400806
79166371061
79162249008
79636588864
74991515098
79165971700
79265723543
79262194447
79250704500
74953400692
74996782080
79265413391
79168473562
79151307957
79264568529
74994636557
79261221702
79169876850
79671613749
74954235897
79689173667
79857845915
79165906788
79099621251
79258470595
79060521079
74957888938
74953288559
79104066431
74953281540
74957177375
79263860630
79036194017
79265438546
74992322130
74953493121
74951392519
74957757879
74999400110
79163807456
79169877382
79999801927
79647073664
74959671301
79035304477
74954190828
79253656015
74959502085
79261870271
74999297903
74967546445
74957124292
79161000816
79160275799
79262364936
79299829008
79165470005
74953833829
79778109091
79099999893
79160804837
79265527876
79207739457
79689569524
79031891092
79169650554
79017712793
79651779694
74953136859
79265773474
79661191000
79163874564
79295717381
79151882989
79152488811
79853616367
79256568118
79295098818
79268783314
79653326314
79252722959
79684308700
79037755768
74952552658
74986578806
74987675150
74953447382
79264756002
79175456555
79099746812
79191003545
79032678484
79168057335
79163645601
79639625294
74953421792
79032145527
79162355995
79175628532
79067083082
79067884857
79104888261
74991731781
79175244374
74953934542
79150001006
79162934893
79104350694
79152623452
79161223688
74957829424
79255313911
79262399449
79687227676
79256701923
74956512145
74953060376
74953405214
79032174009
79689894110
74957708081
79261456933
79817604709
79161488885
79104701627
79164151995
74956429040
79168286845
79267475030
79269260819
74992323271
79295972297
74991338203
79015190951
79167726984
79035710997
79036875185
79099132743
79775224001
79166547767
74997222566
79999870707
79166150858
74993247578
74953972234
79255076665
79150154150
74956709211
74953417002
74957557840
79166033458
79037426962
79671064507
74999763657
79057229246
79060552525
74999220151
79164907371
74996665428
79257540966
79032275313
79151177112
74992701441
79015170245
79035913356
79260945364
79161553308
79175343127
79672917442
79254682204
79152035354
79055837284
79295840304
79265058788
79262139695
79262404589
79037557618
79057271457
74953745252
74954291329
74992712136
79688377334
74957013350
74955246785
74953492352
79015783794
79163898364
79165787020
74992624445
79168364116
79055566582
79161230331
79208906771
79266125004
74951083454
79067257087
74953816504
74997804895
74955893291
79265799824
79032095612
79651786338
79163548106
79266654103
79258881098
74953421894
79057373192
79167958463
79257558929
79032332457
79031096902
79168599409
74959534534
79998460068
79153345995
79166132418
79260325776
79166026063
74967547861
79152919844
79258336391
79775996920
79099780294
79265377355
79161352867
79262784939
74957168077
79199911301
79671267306
79264543032
79035060327
79035888078
79161234433
79264939558
79686580066
79164048347
79653660488
79036938352
79773364711
79175341992
79163475587
79256557300
79653847323
79778587783
79167313663
74953413709
74993235747
79175335373
79855254556
79268203679
79175517979
79859704524
79035859911
79104548075
74953715943
79647709010
79268275167
79165858812
79160805388
74997966480
74992320620
79631908114
74957884403
79261506516
79163512117
79035259146
79175350062
74992712569
74957862626
79167985298
74959884814
79250680702
79857646975
79031419848
74957218989
79154962141
79852670668
79160206596
74957484351
79067195395
79055163064
79267077205
79268204397
74955422045
79851179997
74952210688
79199976653
74959741012
79035536356
74957117414
79175642094
79254499616
74956481111
79150891349
79776495951
79167987888
74952801916
74956485909
79165354367
79164802271
79260319026
79036889956
79250903601
79104664186
74957561852
74952490695
79037301719
74956751636
79255075767
79151539098
79998381988
74957052507
74959895151
79857689454
74953446717
79035693444
79031533659
74956542245
74956028043
79778221066
79105242996
79265242020
79645550179
79031504449
74997930963
79165569735
74992320406
79261000911
79151397580
79262463576
74957974440
79150186177
79164583305
74991311402
74957161936
79035851486
79031262291
79060478334
79160810520
79104148269
79856962548
74999444786
79166814511
74953436502
79067215279
74953972513
79151972986
79263183038
79637220913
79269092257
74997463760
79670642567
79150159393
79261449881
74953407714
79161786021
79032994560
79168448141
79162016441
79168600413
79160136495
79163542301
79772925880
79055869927
79857575490
