79035710997
79263487888
79153178345
74959123708
79162444924
79187773210
79166774215
79197719669
79096573406
79165138227
79639997388
79261548613
79168449682
79269072999
79032344460
79162979016
79671077498
79629429797
74953403734
79152767577
79256183123
79672172627
79629314419
74967529717
79533225522
79850001884
79197742060
79067157577
74953498496
79252658997
79637638976
79262729789
74953950415
79167601333
79154244397
79055292970
79152682801
79160331013
79096574835
79169392574
79645375129
79160715011
74953478744
74993232383
74953383973
74991291732
74953448871
79035808180
79636905563
79859089368
79160246679
79031964703
79852333671
79169580248
79151035451
79060642948
79263822488
79269445957
79663026789
79031971219
79037259003
74957350719
79032482687
79857671018
79670324904
79165749448
79851767757
79859988991
79689664942
74997413075
79154823109
74993572337
79645307774
79197268605
79260355011
79660505454
74955575800
79169197771
79057187009
79057078627
79104794709
79263450666
79252651402
79165835976
79253621784
79150231481
79169989336
79254946460
79778580841
74955891178
79852539218
74953582516
79858922691
79151479549
74957051440
79057032808
74957124453
74953197873
74953489761
74953402712
79161753042
74997863842
79252725657
79057109758
74953508789
74996191779
79166851893
79637110934
79165310334
74997841057
79167737966
79060988668
74957097598
79295080109
79670324037
79670191462
79031078217
79168826482
79629052155
79037711155
79036111427
74953517768
79267770910
79100873000
79686586105
74993232474
74953445226
79261187317
79161588417
74957167872
79057334788
74959928344
74955850126
79167798102
79850642942
79164033878
74955574943
79254474312
79162615205
74953949091
74997308181
79151915892
79175267272
74953971592
79672126166
79265207581
79153377226
79164901319
74954205676
79168330394
79654044929
79152859616
79661571514
79295341703
79775166950
79671290000
79175199090
79169584684
79057130286
74954224822
74957846284
79269054838
79265437279
74953968186
74992323852
79253856875
74953610847
74956586837
79067620138
79857737467
79104057521
79250909845
79263027999
79166516200
79629765535
79265301342
79032213262
74953414479
74997937078
79163651081
79857744871
79163663886
74953160569
74985057653
79265468261
79037982865
79166838393
74996153141
79168401111
79160446026
79055868855
79035833526
79257292785
79775977180
74991219627
79161119333
74953593235
74956582187
79688613610
79067034422
79030184030
79629090001
74953482218
74954521650
74957048112
74993231301
79163051211
79036135295
74997840862
74953901611
74953960790
79055382020
79859938363
79639979353
79163218310
79166743482
79261131155
79261499429
79162809763
79031179201
74953421295
79258445444
79261390259
79256314414
79168810052
79645007494
74953472936
79645257730
74992320937
79260705932
79262211131
79260572830
79164451065
79166373421
74953542129
79263729818
79852045923
74991766048
79165409523
79175202630
74953419551
79104547675
79251586872
74997352216
79157110144
79647650290
79266033833
79263929180
79299057661
79295085598
79165918378
79295550330
74992342282
79165860353
74951505558
74953278688
79104416877
79859829689
79265857141
74953976266
79035642132
79161481147
79163271735
79859975091
74996121729
79067565269
79255402337
79252669928
74953456924
79260589151
79166530936
74991265572
79267026444
79778869615
79104109139
79261549080
79167623630
74958678030
79266727221
74983015881
74957705700
79537350449
79250978697
79166632400
79263100413
79104377653
79267264526
79151998923
79852222920
79260101543
79253139179
79162404557
79165207574
74997412109
79296121655
79015435111
74953720712
79263821687
74991930047
79629656207
79263929172
74991781276
79035258588
79168561832
79163367926
79057001007
79623630532
79263077781
79852434664
79264777711
74986573422
74992359344
79773440842
79035082432
79057403652
79057149387
79161781996
79037793422
79269337658
79031720654
74953423530
74953400312
79031351372
74953586241
74992598825
79135043214
79161873180
79645323292
74953428828
79051199912
79773409088
79057403024
79037914219
79175506038
79032597290
79035499609
79104739803
74953418992
79776044184
74953428555
79859567551
79060441917
79165738822
79099460128
74953421428
74953468373
79161260666
79775308853
79109165198
74953998817
74997465814
79629992556
79605242505
79255618313
79096712712
79167659965
74953922016
79161981120
79851704813
79680488048
79163956068
74955654555
79991110987
79854391605
79257871787
79031052269
79035908582
74985403204
79859536218
79263305405
74957179785
79032221558
79031315175
74953513369
79687844308
74992343212
79636344303
79164840122
79031230201
79038126679
74956559876
79165415682
79153660546
74955057893
74953341243
79168613146
79686209372
79257909409
74953411781
79160316174
79262105740
74953547458
79637691971
74986570301
79104777679
79169168891
79262674435
74953486640
79035095983
79168516922
79168697322
79067362515
79096575303
79268605020
79262063050
79031884830
79036830164
74999469014
79035534708
79265566977
79261786595
79151971715
74953959267
74997860139
79150744079
79104795005
79264594717
79263346461
79260301733
79374199958
74955511996
79161453881
74992321136
74967045541
79175422032
79096486800
79150598186
79264264474
79163750204
79265335502
79265775059
79265378081
79265873119
79151968490
79268102076
79661925424
74953407477
79852825005
79852384639
79261450298
79687163912
79057742845
79168749862
79853829652
79253181898
79684042962
79266241593
79689168067
79166077285
79266158622
79055708549
79161659907
79032645577
79680813288
79858463431
79267129646
79652947711
79161553744
79036105698
79037481608
79066437799
74872656615
79163934310
79035066829
79859681680
79261649404
74996106207
79254478716
74953403187
79689044550
79166093431
79265200368
79261345549
79032280297
79032686439
79057823075
74953405702
79037909480
79104705207
79067851585
79379951530
79680938090
79164115884
79265490475
74953551458
74953997457
74997454562
79104008826
79166030333
74953420256
79257411157
79645151307
79037991996
79175629230
79166329778
74955282313
79162068769
79852750116
79162713625
79162633346
79161336068
74953449576
74956692259
79168112392
79162173681
74955453786
79091533019
79150169276
79687037818
79152333390
74953964686
79031708594
79265252016
74953418003
79161610016
79859072794
79689724937
79265754883
74996616151
79104463077
74992322685
79031982794
74953993096
79037833888
79160803022
79031327886
79263244996
79264168818
79055450293
79670233787
74957022381
79259246984
79099840222
74959188029
79057244437
79250011221
74953903631
74953412277
74956556158
79534253063
79032111428
79775866185
79197712911
79251907798
74953941905
74953250358
74992423381
79031558427
79104563673
79037730714
79104731341
79774873550
79152420154
79169165776
74953420831
79035977794
79057037074
79255856294
79060771322
79258834098
79168874399
79687164455
79263750614
79067256349
74959963094
79265744777
79167785000
79685895935
79030172935
79776048984
79162622282
79296676412
79057421435
79032088442
79035807328
79164136975
79163783175
74999404409
74997932269
79164984812
79255890976
79663164043
74956456787
79036236259
74953405418
79161232819
79032605407
79164036047
79035422936
74955813863
79033637552
74953434079
79265033387
79296628659
74953122325
79161759855
79031858895
79031237096
79153067056
74953407729
79057523963
74993566292
74956542241
79852688378
74993235298
74991486984
79166702917
79261810529
79091501108
79261348986
79629848128
79164138595
79091559422
74953155238
79857275324
79296094095
79161223688
79154502202
74953552161
79637580548
74953131473
79160919957
79999705857
74993564477
79266492325
79037538837
74957091891
79268309219
74992323117
79250758828
79154323407
79163327912
74992340079
79269259395
79850558989
79169667152
79852559953
79055956239
79253845930
79099381398
79263358745
79267193066
79651014027
79611249348
79156911299
79060521079
74957027450
74953498251
79773417804
74954173251
79031090497
79162010091
79168140751
79152467136
79031656040
79265652965
79671179020
79159075418
79162047321
79264927659
79162658011
74996104139
74953593266
74992340267
74953423741
79037332742
79154315486
79647930953
79057977733
74953054145
79859901535
79060512444
79776801727
79163198685
79262045430
74953259548
79851502889
79680824621
79157560264
79257122919
74953520922
74953423046
74953971764
79067219364
79017945620
79060888039
79160015775
79057067952
79160737370
79852246946
79255307382
74953126740
79057335665
79166412379
74996178354
74957799181
74953405424
79031148389
74993243421
79269760829
79162230988
74952584534
79099723076
79032744416
79261499121
79852775230
74953279821
74953410051
79257093973
74951815115
79166834077
79672237082
74993209821
79099071439
79295363115
79169346078
74953401886
74992321142
74953431312
79265492848
79851902124
79775717442
375257656639
74952874197
79654392203
79163549180
79165044060
79263413114
74997426297
74958672231
79037252151
74957519322
79168024836
79036700941
79199938367
79266290580
79099065917
79164833038
79161157814
79151444717
79099117474
79036744942
79266194286
79104097998
74954134178
74956108920
79262390646
79162798853
74953444904
79055306444
79055898274
74958670977
79160136494
79686271478
79161940977
74957559785
79037649825
79850707363
79856000436
79057517990
79166586445
37259873567
79859745668
79161079490
79162060602
79257712342
79032195748
79031533529
79164155272
79160694486
74991753846
79194117558
79060793068
74955813207
79857666443
74957114058
74959457279
79250904750
79859970678
79067774503
74997826186
79654166909
79266026637
79261722833
79266443267
79266320408
79165636873
79260358847
79268596176
74957176197
74991728187
79260915080
79636988551
79167401523
79647713889
79031634033
74956790796
79037887827
79254670197
79151421060
79774245390
79267775553
79653264874
79164312395
79629812052
79032571310
74953407963
79647148645
79164660740
79258784608
79260263992
79252291370
79645054000
79672034219
74993335503
79261427933
79037488828
79263083264
79299126401
79168052933
79262855222
74953910304
79261784722
79773970250
79163267299
79099928522
74993571856
79688051788
79162395548
79296075116
79151149423
74957178781
79166004528
74959400122
79067106030
79035370359
74997299660
74997891619
79251551561
79643326648
79250113014
79265622630
74953424672
74991272132
79031390114
79685002525
79152868866
74956559424
79169087136
79859241101
79153196501
79037547070
79853640745
79099960136
79161373893
79167745908
79269904455
79269700923
79036877128
79031019335
79999800855
74953961022
79687949790
79037988172
79169688074
74954298145
74957119150
79039603889
79260219586
79032994560
79777571702
79151000800
74996183109
79265801539
74994810115
74996166022
79165683509
74997841515
79256166354
74953474357
79262641900
74957167056
79629277280
79160736138
74953542438
79851977138
79037158460
74992645228
79035233778
79636911819
74991778960
79269102133
79251508393
79167927967
79153673713
79099289383
79859123440
79163177211
79060216899
74953417131
74953133724
74956999352
79257728748
79852856978
79039761083
79269889582
79030001522
79150953705
79060882121
74953755561
79295381505
79035912843
79261355767
74953423842
74955503001
79152059049
79296780982
79165525228
79015326766
79039729220
79150170763
74953515377
79035011708
79168487024
79686686696
79055268664
79036687317
79684881344
79060595777
79152789026
79672823401
79151393935
79152708205
79651756166
79037923376
79032111909
79175165063
79035073737
79099027209
79153521805
79169028403
74957149449
79166777233
79032270952
79652987878
79099939853
79160932757
79998235785
79854120009
79035139388
74953410153
79253071622
79637882688
79163530030
79167195697
79166864293
79257319980
74953582632
74997434488
79153000164
79165664018
74997224810
79169769985
79265953067
79032781351
74996127505
74953401809
79099353567
79164201071
79150100837
79266802625
79775373556
79253450001
79197757478
79096799702
79661121994
79258797908
79032972513
79031232505
74994005320
74997827374
79261073597
74957130625
79265729375
79104677582
79169670158
74953470949
79150441849
74953119071
79166442783
79169938614
74959126797
74993246863
79265638160
79091567436
79264477615
79055089616
79534668477
79161860122
79031504323
74953000351
79037942099
79169082399
79099988875
74953129081
79161356044
79262280101
74956580120
79100006760
79998296652
79036756908
79057312817
79295324961
79035430192
79037275284
79853189428
79773314663
74992343356
74956237349
79269210787
79037165107
79104391500
79629718681
74959958899
74953943428
79969662198
74953861239
79150860157
79671234264
79265359317
79055502999
74997961324
79301692205
79032138292
74953970063
79035514638
79057961090
79165777490
79036622255
79067062656
79037460356
74994782663
79163742160
79261487064
79253694095
74991570559
74953989832
79166661405
79684041943
79622002726
79031390713
79166307688
79060458087
79166125455
79853131681
79099127898
74999085437
79099929195
79686418718
79036839805
79269031294
79168002621
79031317401
74953969687
79167061642
79112447526
79859723684
79262899933
79851428725
79647943459
79096385838
79268380309
79150627156
79169433629
74953709382
79161750706
79169318641
79015782430
79151639154
79266746894
74991235402
74992640032
74997432273
74956581051
74953960833
74953977013
74959530589
79162050780
79037491371
79267656484
79031080853
79252157995
79032174009
74953124296
74993565472
79067443566
79269834797
79162885538
79153935097
79032733431
79999802186
79035019291
79057860457
74992320184
79683526000
79269170746
79035736976
79031661555
74952478727
74953963611
79150400478
79175108496
79035913356
79629987878
74953913313
74996530128
79629003313
79254228707
79295535343
79067013969
79686667315
79169853427
79636262986
79267238193
79504309564
74953445071
79253532685
79032787148
74997234198
74956795021
79166701923
79252701481
79775193242
74951957653
79030001838
74993575372
79165207095
79169577125
79099215564
79296111720
79055518777
79104591079
79851337332
74987675168
79099929660
79857643337
79857603544
74997221474
79639945454
79689448266
79853525319
79647840822
79067356383
79164194742
79163905318
79257715157
79852948844
79161175761
79605931734
79262179997
79153859611
79997809863
79031031115
79261745734
79258692255
79264167056
79161322080
79685634427
74956777709
74953610279
79153055419
79153436369
79161557194
79852399449
74952258722
79629328050
79774240567
79104755937
79037882898
79250171267
79636641384
74957360769
79652883322
79031118157
74959892837
79154002573
79166847247
74996106636
74953535885
79150076456
79636866841
79645678906
79057005719
79857766755
74955986516
79639656674
79162749270
79161716772
79652468276
79161169657
79067409260
79684761515
74953413435
74956552207
79192687047
74955941650
79151946652
79851313484
79806420131
79250298090
79096994031
74993204256
79035800578
79160549733
74957142417
79060368656
74959375608
79163788982
79852932865
79852404037
79162157347
74953126720
74957254780
79164384242
74996540101
79268262338
79199928099
79152200452
74956655600
79855113111
79161562445
74991701577
74956443333
74955035286
79057648783
79636812148
79169568476
79197640218
74957817878
79055245675
79258214738
79164115441
79140248812
79262919954
79164217804
74957776085
74956739263
74954474423
79295976557
74956603578
79771376635
79651337749
79253238030
74952324840
79671825051
79855533892
79167503560
79267805696
79165606756
74992606813
79774442195
79165534567
74956943868
79252257691
74953084500
79091666688
79663870387
79165884243
79067533630
79169050823
79854716062
79161126807
79015443355
79258679817
74953982202
79261004099
79295560105
79265301976
74956322390
79263214491
79037267954
74956171366
79035930044
79251481075
79166871213
79096309697
79175350062
74958671613
79164176658
79175043867
74991155255
79165958955
79684187817
79153076744
74957019333
79639255871
79031960113
74953404720
74953938521
79035719615
74956586766
79165756049
79160734531
79264334341
79055175226
74953392526
79773390092
79661759925
74992322621
79037898302
74954464278
74997641550
79851752195
79163818120
79261031269
79163238275
79775540140
79037440139
74953161226
79153628806
79099688807
79164063579
74953544280
79251747680
79262779404
79067271597
74991984268
79032786868
79166141292
79854560510
79265747257
79253661901
79260887085
74953403998
79266810468
79104410220
79258094880
74953528845
74953214374
79031065215
79165229079
74953302532
79637783858
79197761778
79099214237
79099736339
74991842108
79037118839
74954383151
79096441760
74957973201
79152484717
79670122150
74956572850
79164629248
79262090607
79032988828
74952258010
74954915752
79152226623
74952235324
74953413470
79031071240
79265753139
74997861192
79267026585
79057229246
74956657272
79164109404
74993563722
79263862806
79164515874
79859874972
74957375597
79154804058
79652671150
74953296708
74956318594
79163873920
79629997971
79267057450
79685702097
79851313717
74991685089
79104540312
79299917882
79036219876
74957044707
79629601188
79165002410
79851408401
74956359717
79261940313
79260792085
79161469477
74956908826
79267500563
79036134974
74957872542
79067597259
74953635035
74956541648
79167942974
74957858448
79687113308
79645066458
79261711266
79031505002
79163501499
79255438286
79772836007
79160834348
79162945458
79167667343
79851100866
79104228257
79258271196
79264642771
79166258022
79153935091
74959361234
79153753818
79169171441
79160589192
79852682163
79036242985
79032958730
79262664709
79166895354
79267178851
79161381164
79037227329
79162554525
79036682768
79175642094
79036836151
79166548084
79253083973
79296675704
79774396806
79055341785
79859678533
79104127872
79166523745
74992322717
79055372565
74957879291
79265268430
79165891368
79153572731
79160077608
79151105153
79035214061
79151152431
74955497520
74957170074
79629881133
79263120595
79261159118
79150040142
74956351880
79264121340
74953413644
74953883108
79048107574
79175284500
74991792471
79099496228
79031588015
79152181516
79031581733
79169840905
79057176078
79778076719
79672946161
79859982146
79670101016
79295579715
79651797409
79639980894
79859572786
79057788018
79262202905
79262823350
74953409013
79263808650
74956600228
79263097000
79037986850
79067804912
74958673329
79191023708
79258046922
79163645601
79646412232
79017464550
79253341838
74956041055
79055142444
79777441336
79044595161
79162430053
79166343935
74952583749
74959319625
79251110005
79057617071
79169063995
79258994958
74954374690
74953407487
79030037793
79260955925
79104183746
79251333350
79265413391
79779199370
79636824949
74956898401
74959884910
74953983830
74953496566
79295054025
79060337030
74959897276
79055917810
79031367393
74955041127
74997210649
79255062344
79263320213
79647879563
74959376274
74992451146
74967570624
74956450160
74992669899
79266033164
79254250534
79057867768
74959135714
79182228684
79104714795
74953484190
79165297223
79647174096
79055760707
79151419459
79104716513
74953457697
74997024403
74959955333
79161185301
79773474585
74951217033
74956558276
74956275211
79163875790
79160548936
74959599115
79268881161
79265311160
79260421866
79166574066
74957799216
79261205138
74999735052
74992442638
79261213596
74958673980
74999226677
74952582165
79670541760
79267884059
79032233777
79166159000
74953413398
79032567610
79037240509
79104648706
74996131891
74951555155
79265670434
79255022150
74953452882
74955526660
74959954460
79168823194
79165677427
74953387221
79168880092
74957775443
79255143316
79161848554
74959899704
79637774774
79262315594
79161206087
79265955038
74959597243
74953801418
79652684179
79296086430
79165122397
74992130012
74954255904
74967543457
74956908918
79264831710
74967691207
74959252041
79106234111
79637152036
79164976600
79268189948
74953999292
74953168129
79150544603
74953412360
79263424056
79163808035
79106253055
79035540403
74953550345
79639796737
79160070337
79104483571
79267515528
79060323976
79162351230
79166925198
79269013393
79997117885
79262102525
79265295590
79295973145
79660985115
79260388711
79267067355
79777442799
79162966041
79166057001
79852529215
79854571411
79175577792
79166485284
74993569582
79857665311
79168738315
74957306301
79167879988
74955057327
74953587588
79035791636
79104455101
74991915167
74992079593
79660580819
79197759647
79778988619
79096970048
79163534863
79160402484
79268824916
79637512075
74956200998
74953473936
79166305265
74991771010
74992442572
73433813597
79035648879
79853810261
79267796842
74953993129
74997431907
79779696257
79260782334
79258494020
74991295871
79688008666
74952251940
79654354488
79251598871
79653145071
74957894619
79154962141
79264013536
74987879077
74993248720
74956200989
74954240341
79099405917
79263941024
74992378643
79261752660
74997500140
74991731393
74952801782
74953921193
79166842636
79264845084
74956582702
79269728059
79166029471
79261920261
79265985454
74953966714
74953413897
79057538841
74996191668
74957558536
74992344169
74955404301
74957147179
79168287043
74953423474
74957875588
79629855776
79169216476
79150765829
74959330832
74992322045
74953543277
74997046671
79152007442
79637828500
79652670395
79779669776
74953664872
79169280288
79629491521
74957854100
74957218989
74957868080
79031952095
79604389797
79852318526
74957445546
79261540750
79037175903
79645964749
79150508939
74954334503
74957754304
79265665780
79163795202
79166759768
79165141406
79647253392
79037241008
79166937175
74957144080
74992324387
79265386795
79166893888
79295712989
79258701959
79267165730
79032744221
74953941903
79255079881
79163243242
79166507497
74991293130
79031242050
79268849462
74991791735
79252056335
79032280455
74953911586
74955833855
79067463354
74953216954
79255147172
74953558175
74986614005
79032582965
79104457139
79037823153
79652479993
79687584776
74953462686
79672272000
79161751130
79252088951
79857645115
79096355110
79169660667
79852164114
79164312762
74953479740
74953401140
74997465879
74996168148
74957342575
74957231001
74967641077
79057553256
79260939101
74953582473
79166237865
79774241124
79035853055
74956296163
74997223278
79099068595
79629608038
74956208105
79162100793
79104264653
74955005780
79859583483
79629032226
74996128394
74959842217
79175071927
79252044013
79099582292
79162064709
74999236697
74956459289
74953414352
74997877504
79167306629
74956554674
74957023373
79169232317
79035780294
74957877787
79168853191
79037601716
74992765187
79255675312
79672593439
79154318945
74954039982
79258412169
79251003884
79261285050
79035048915
79266104053
74952283743
74953422929
74957111759
79257818447
79268733222
79269691448
79263153742
79031626256
74955437189
79104562454
79851310675
79854747224
74957024964
79646368141
79671167072
74955851364
79151780743
79164679800
79057630112
79023812526
79175534626
74953914982
79256033650
79037110183
74958673785
79154567402
79859072085
74957254354
79268887393
74953400978
79264261315
79295523727
74955301031
79671024931
79265295687
79152587656
79104037404
79853877162
74953278458
79168478402
74953110406
79060767972
79260707057
74992321445
79266803632
79255092251
79267652222
79164551710
79031487681
79670943435
79030083437
79263557687
79651692228
74991629607
79262299322
79651999155
79296746537
79057381114
74993247217
74953401758
79296283030
79672371166
79031025712
79772566228
79036878651
79265435292
79250516086
79854784734
79859727041
79032222210
79160109510
74957449982
79857770143
74953601050
79262690184
79269068142
74953419620
79036815756
74953485776
79153128205
79031626610
74956549282
74953407240
74991266480
79266501737
74953441363
79099495849
79067612387
74956583896
79653877755
74953441069
79096467801
79166294106
79099199997
74953216256
79161054878
79153886861
74953425619
74967576981
79175063197
79165733747
79168713349
79265870929
79774720388
79663374740
79856908265
79197257522
79057367042
74953474654
74991374503
79162189875
79165337944
79151975438
79688238678
79265960903
79296020242
74967554496
79165302288
79854400400
79688412520
79269965465
79104021263
79162574534
74953410303
79161139762
74955676440
74953861698
74953422688
74991736230
74997417701
74989130070
74953975436
79268682240
74953413340
79778095900
79652768510
79629077847
79998100191
74997820519
79262475883
79265975849
79035423842
79636161444
79039633297
74953412213
79858848696
79656103657
74991756773
79031753595
74953456858
79067921491
74992502331
74953407282
79160707392
74955039051
79096992999
79268491288
79175156148
74996829506
79299428835
79166451513
79262357449
79175088144
79096669897
79060652662
74992325605
79265941214
79859993341
79037235888
79684619986
79166487860
74953438378
79262181112
79055402884
79264374878
74967555846
79037730503
79032115513
79162325054
79154648429
74957167580
74955000135
74996108767
79096537020
79265277745
79036696293
79151754700
79299256369
79854273510
79067252799
74953511176
79175276291
74992492284
74953398544
79778025773
74999434388
79197735645
74953426776
74953657572
74991454049
79268198984
79255179808
79037412725
79263540272
79852331035
79257371856
79168448363
79036293056
74956524342
79537350448
79035118031
79169190091
79266587775
74953882502
79775038581
79851279832
79091681414
79299631970
74953511753
79637575555
79997357920
79032675087
79857644110
79153910343
79154676798
79263618298
79037481531
74956465921
74953422515
79055378078
79055554303
74954367869
79055663839
74953925427
79060450991
74953465482
79163218324
79267275316
74953410711
74953493903
74991793910
79165586611
74959656932
79264199516
79057225289
74997415784
74956591648
79175606192
79032578413
79168563042
74953405891
79055032491
79165041058
79166963316
79647060289
79165699709
79169211371
79255830183
79031372261
79636846636
79267159426
74953967608
79263848006
79653735318
79055846284
79169006667
79104527268
79161223333
79175463085
79032288482
79035709868
74992320081
79099163609
79032626488
79163890429
79853835277
79161021244
79161242219
79035792192
79266882345
79031521711
79160540438
79067220272
79647012995
74957183945
79166680791
79031101195
79160777838
79852812286
79852607979
79161504597
79057685500
79639787788
74953404153
74953406729
79039664888
79032423433
79166961803
79161435384
74954438812
79299299597
79265900629
79857614467
79165720403
79629575349
79163458653
79854428873
74957978056
79852110096
79055278713
79104861478
79164053905
74955802746
79257006118
79255182244
79035594434
79150258286
79167988431
79175703595
79031075775
74953423041
79267666644
79167264988
79254664693
79165049935
79685442371
74997240979
79175639205
79651037293
79035744645
79267391875
79099033292
79066152188
74953996646
74953509175
79165642271
79169682828
74953462931
74992617083
74953484222
79067346391
79037557144
79266724647
79851130573
79151401104
79166726389
79166038824
79645507133
79096962858
79154724074
79661531603
74953460053
79055918608
17279026674
74953902741
79645962224
79161746905
79775645826
79671084330
79261887690
74992325168
79096919892
79166776985
74993236001
79851073590
79645935909
79265974717
79266629801
79153642545
79153708552
79165040074
79165398336
79257341845
74996145881
74953984473
79091580354
79269008844
79032618780
79104428799
79099923812
74992322567
79671000359
74956522685
74958513320
79055092900
79257153350
79854113089
79151886191
79057325346
79162474702
74959568747
79680478777
79150554174
79162250448
79036642316
74959808019
79257263925
79022780108
79032855734
74953432091
74953420939
79099597079
79166578172
74986001754
79265577127
79169877382
79778314570
74992322174
78123187497
79660482112
74987207658
79263351137
79169122019
74957098145
79264154954
74999403282
79653276715
79859936311
79267532908
79647605991
79256401435
79778312445
79260642342
79037381204
79636534206
79268618000
74955404530
79266042648
79154766035
79175116231
74957116198
79773809370
74992343412
74953409672
79091576730
79257002832
79255897517
79262552211
79774147544
74953830219
79165258077
79265502090
74953423509
74953955146
79162116111
74953474285
79652839393
79778119965
79857666296
79629127183
74953924208
74953819716
79036169608
74996146601
74959742260
79262540093
79652912541
79776185055
79645880040
79262340425
74956654928
79153677136
79686714159
79264222187
74992405758
79162293747
79162415000
74955877788
79152073377
79850241185
79258073132
79626167845
79689894110
79256645799
74957707150
74956493488
79067980269
79265571232
79057395885
74959384930
74956543725
79636877666
79037512801
74992357093
79031509033
79162369738
79268848945
74959129828
79167104203
79104513169
79057061374
79165143570
74953409771
79031530902
74955707942
79037354991
74957129921
79162228609
79773747929
79261450768
79153610608
79165916154
74951500045
79268957649
74953954640
79645074292
79271617119
79175599945
79296774488
74993231181
78126405597
79175364599
74954829895
79685540006
74953403917
79646444786
79104125128
79191059767
79166441042
74997673447
74958671630
79263950374
79852349126
74997530307
74955879620
79037268767
74987055683
79168701170
74956440700
74953280486
74953934542
79269644142
79295250170
79104701281
79032268843
74957799040
79099132743
79250325113
79258501696
74952311987
79299607732
79859987880
74957941747
79258595030
74959817094
79160070300
79258490293
79055465951
79163195227
79169226256
79629991000
74959747417
74953221407
74997057921
79253018810
74957816038
79779245784
79296105178
79032631170
79031891699
79175359629
79161544655
79032326460
79162807768
79852982200
74958418887
74957452535
74992343653
79055659696
79163680752
74953425437
79671738906
79250038827
74955497905
79773415826
79169368146
74953456162
74956385408
79630959383
79165921228
79167185414
79037699696
79671493640
79653163277
79055653718
79031955324
79653611831
74999400740
74959264100
79091695939
79160030487
79266448111
79859803034
74957199620
74953443627
74953456855
79162806566
74957859702
74959299947
79037766283
74957192831
74959375347
79163486221
79856230684
79039658541
79263660247
74955453678
74956204796
79035387702
79264208843
79152262208
79039754744
79037902388
79268470880
79096879023
74995190360
74993572330
79855106610
79776845488
74997221179
79164919199
74965698613
79680796078
79647005260
74993241752
79263737777
79261808673
74992716958
74959211550
74953554724
79854491419
79104009406
79268109948
74957851514
79269901603
74952150061
79266215521
74953466326
79258744249
79854416550
79688267816
79262676229
79162943301
74953996849
79099196803
79262132260
79067122333
79104373792
79268590577
79035382445
79032897195
79629429152
79163024010
79859576634
79629066242
79032101382
79269052829
74994812982
79261304595
79851645844
79778480121
79168252118
79099243932
79037352586
79258749632
79152720730
79153351568
79169796196
79104391292
79269179402
79197671214
74993564255
79163270091
79253254476
74953426253
79998006357
74953413208
79262045968
79165281871
79651212431
79672739025
79035044585
79037248396
74956545446
79265625416
74132628218
79261483515
74953211617
79036660488
74957805130
79859971832
79660233386
79099976946
79263612667
79037780404
74956607550
74957820366
79165696696
79299415222
79262627141
79096705149
74992493456
79686595700
74957777797
79169177370
79265556648
79099521568
74959268685
79268228219
79851742159
79636208478
74959510596
74953442921
74952152132
74953958265
74992522788
74957483033
79261625814
79037826956
79168327616
74992611414
79671623317
79251555507
79853648711
74996089270
79651748023
74956463464
79067924450
79166195018
79035132780
74957130044
79689400787
79670901164
79266478514
74957923097
79267873645
74953280398
79036125514
79998209909
79263762516
74956335792
79151042971
74992350668
79858152075
74992320620
74953473543
79266246993
79160306208
79153540695
79645728684
74957818089
79169727167
79296303039
79163779956
74956682611
79037665434
79197841237
79685334075
79169761552
74953490274
74997024509
74997815185
74956409272
79268807533
79686936465
74997476002
79260884842
79163202020
74953498404
79637261026
79268120096
79197841949
79651163548
74953444907
74953955959
79263649965
79686353113
74953443967
74991562876
79653680880
74953519116
79175234508
79260318181
79269355586
79262036420
79104133429
79653735726
74955316300
74956794621
74957854727
74959186581
79367775144
74953955473
74953893792
78172230056
74996195049
74953555989
79299102203
74954190829
74997827559
79037236167
79263602756
74953401863
79067992201
79269089588
74997221981
74953853511
74954340097
79167075265
74967634982
79686840556
79164075358
79032875288
79851133527
79647194776
79260550255
79031481956
74997338565
79175281146
79154558067
79151413702
79037209012
74953719784
74992323305
79175033542
79037599798
79645076906
74986573897
79165426968
74956402496
79164945566
74953421613
79161923350
74951222894
74967555227
74953487489
79163122578
79857620371
74953447628
79858695878
79857247997
79295074017
79057180524
79169123530
79163064852
73912906272
79152253202
79164268514
79150083720
79266604513
79169429725
79629274269
79851230700
79035455263
79857692829
74957107264
74956583431
74956076930
79852405441
74959612526
79255067180
74959530641
79653963334
79104384475
74959676838
79162455510
79262720423
79057558315
74993569322
79165095079
79165059831
74959894862
79265779035
79269990492
79163572106
79263100012
79036753260
79166005539
79296763536
74953112640
79161050716
74955011531
79684446888
79166407473
79296330686
79099513705
79686844555
79778035315
79853084161
74997033352
79162194560
79265102842
79254728192
79036890580
74954914054
79037946577
79151985393
79261839522
79269070665
79265868924
79852796017
79160075700
74956648933
79160265497
79262396909
79035891249
74956429990
79164445436
79055596540
79032600749
74997252579
74953955345
74952876100
79653385089
79036230301
74953634023
79604705555
74954252882
79167122445
79035493649
79055010420
74953447537
79856001271
79265813410
79653493786
74957137709
74993177548
79263470025
74997411651
79265199516
79663091833
79854358017
79262035062
79039763773
79037785894
79035429348
74993739493
79651655261
79263617517
79269169820
79057928440
74954235897
74993570510
79641424904
74953405903
79855112933
79670305262
79104655905
79262180255
79852912894
79671302282
79175110820
79250487286
79166109439
79161237893
79169795636
79856205803
79652655606
74957549487
79154634830
74959671420
79857607617
79096856278
79175780828
74959185227
79672160812
79160522636
79851020820
79855154455
74953942930
79160808020
74956497173
79851998100
74956427920
79264824966
79037304050
74957172542
79262670102
79852242878
74953400912
74992320764
79055971720
74953904492
74995803233
74959692713
74953962171
79164973928
74992663588
79037946710
74957173985
79153901696
79055333782
74992621918
79032193812
79166002646
74953606068
79032469038
74953456342
79258466480
79166646021
74953936121
79264144991
79266287431
79267066099
74957272542
74953877536
79057271457
79163720971
79166224877
79859983528
74953959486
74957896199
79060823770
79854188901
79067052176
74953400692
74953188457
74959611304
79299605572
79164190598
74991914158
79851803549
74953421746
74953428303
79164080387
79262813322
74955648866
79295309783
74996156032
74956782429
74959210856
79645552251
79091539922
74991349593
79653438181
79852007620
79251930605
79852521626
74953950181
79267773149
79163767958
79261042872
79037719540
74959377655
79262143835
79855749224
79262027847
79266664101
79154275661
79031481228
79036757686
79637159916
79854170425
79166107550
79153264513
79267083076
79162149695
79647232726
74993221365
79037954747
74956956158
74991713934
74953412384
79852900814
79854144486
74955355059
79990014643
79166559279
79175189246
79032026212
79191391811
79031867044
79067669873
79859992925
79169600076
79067024844
79774917114
79645281395
79150098243
79032845513
79645822989
74997828583
74996146466
79267936083
79067077768
74956647030
79031085587
79197730293
74997223365
74953463620
79254521152
79045980013
74953959019
79686496641
79035332223
79774868003
79150847483
79104599433
79161242684
79035604607
79032558657
79857835094
79067911917
79636960202
79264548287
79153421875
79685333484
79266410059
79162936819
79032630252
79268136947
74953922589
79684695177
79266054486
74997249530
79160566666
74992325007
79670080881
79099690429
79035947404
79652795384
79257650743
79160216199
79162347626
79268315377
79104620831
79250990739
79660257435
74993244060
79067874143
79859828105
79651477224
74953403941
79825815596
74956346061
74997410806
74967650112
74956587941
74992320406
79197646263
79036611392
79055852765
79262833783
79166730501
79099162318
79256190856
79160362034
79778087707
79099674414
79057127510
79687434492
79778382028
74959969880
79261511093
79175246963
79168561525
74958670870
79637721646
79166275205
79060690606
79160422702
79096223663
79262353789
74957377272
74997222569
79646278406
74952231027
79263170408
74953452140
79190649328
79269141439
79161852593
79777136697
79257875515
79166506436
74992772073
79661279224
74999080584
79037348779
79852058853
74953532385
74955923457
79168824284
79272703590
79037993862
79060630055
79091551658
79166154371
79639656673
79161651688
79057440567
79035997715
79057422017
79261528288
79167518281
79057425540
79262043027
74953411617
79166576407
74992522979
79265978164
79773428430
74959300753
79104193595
79852327777
78005553968
79687688580
79258005260
79653292641
74953991015
79175022939
79104658387
74953412553
79161308849
79998149626
79266464727
79161233391
79031299398
79150676927
79067855794
79267291547
79154050583
74991738810
74957051430
79164798989
79296343944
79164519359
74954382305
79647829735
79778184092
74953404095
79265217791
79629335027
74953990362
79295513631
79267885667
79168454751
74954438546
79164207313
79035104702
79060319680
79067021816
79166630653
79639696022
79629954976
79263684455
79265229022
79772627289
79163707160
79663595102
79167786892
79031210275
79153139193
74953425355
79035068760
79622154456
79166127629
79164909197
79031245052
74959588513
79164208204
79623696990
79164652810
74953446220
74954237339
79166783101
79055566856
74953939940
79175329021
79296653608
74967558599
74953413798
79852806877
74953778181
79688529383
79851273899
79263591243
79037447827
74992357950
79684766717
79169796128
79030102586
74993208947
79032975191
74957706680
79166155359
74953957302
74959961051
79165879305
74953544737
79150426444
74996628812
79150244782
79099944400
74954403064
74957121050
79035442955
79686535453
74997431979
79296215252
79167092331
79267242007
74959323974
79161404611
79163512611
79266800723
79067072179
79629807491
79268522363
74993234037
79162119356
79264566912
79166430000
74953413221
74954679383
79167477177
79255108181
79152792007
79055306424
79096953046
79036848998
79857803863
79691231444
74956165227
79036824477
79067456463
74953969635
79258555445
79671124198
74953978294
79164097129
74953407894
79167955402
79661004611
79670191313
79168089319
74953427641
79660966101
79096720193
74991236940
79096544540
79261828349
74953956133
74993208274
79261492710
79265484111
79166825035
79163897934
79629569801
79661210500
79030148686
74953816983
79152445066
79166505530
74992061025
74957112252
79031917174
79858576777
79164839325
74956584886
74956784675
79295551218
79268687341
79035600283
79858248591
79858028250
74993566137
79775122725
74955648016
79296653607
79661552142
79262743418
79165951725
79169579360
79779420650
79057922127
79165119249
74959186995
74957188888
74956398146
79165400936
79858247818
79167217212
79031516602
74991501174
79166835156
79153352193
79269963406
79151593875
79854333855
79166383610
74953426693
74993206481
79998101845
79250727208
74994005713
79161794606
79250986572
74959098217
79852318381
79163638449
74959896235
79264849786
74997071271
79169879190
74997250300
79175023105
79252795915
79166068390
74957147158
79035028852
74957130587
74984811442
79035551782
79173271744
74957370054
74956741396
79166833068
74967583042
79262873654
79268921528
74997464291
79629886838
74954071523
74953976083
79295366757
74956408080
74991604626
79032273046
79268213858
79169275172
74995860107
74991675885
79165102542
79055761316
74991770343
74952325150
74991226503
74993464805
79251415678
74953994131
74956491081
74992711746
74953990531
79060885550
79263531988
74996110748
74956328888
79032268184
79261781089
79165500953
79774870661
79637501400
74992321781
79032732873
79268742424
74956592394
74950129863
79637778118
79037963187
79036843570
79099199971
74953520931
79035555549
79169568712
79686537973
79162292646
74997446018
79039725492
79779380472
74957883242
79852576039
74967568403
74992322057
79166128044
79269518334
79265351284
79254885534
79160714044
74957875778
74953338080
79687121875
79055568882
74956262604
74953693338
79067409826
74955494851
74956431750
74996172390
74956607666
79773399278
79258205520
79257002591
74997825034
79057536683
74967526488
79264789689
74997393303
79296825080
79250361396
79168773814
79296643497
79268686757
79687351875
79261790968
79163475587
79688179220
79257710320
79154910626
79265597597
79037277836
79035626338
74957880681
79267810846
79688315333
79211677141
79151203012
79250737025
79142357967
74999001922
79165946847
79652824370
79104348029
79166124757
79251355828
79855329490
74994783995
79167266207
79151948562
79663872231
79253159191
79857734917
79261837535
79686654107
74953413291
79096744928
79166344861
79165384045
74953412839
79263438048
79687418008
79255006269
74997947190
79168259455
74956876177
79663289135
79161480377
79267282658
79254038253
79165562205
79166754801
74993241092
79031634888
74989175516
74991238226
74954510440
79777138858
79164213513
79099148882
74992623243
79165032714
79175950404
74953592261
79152335821
79299990266
74997550137
79267660385
74954271835
79037925518
74953421421
74953426029
79151952745
74956546620
79255240004
74993572342
79030006163
79268635191
79637707307
79539547738
79099923122
74957854722
79164870077
79773048256
79851202940
74959530756
79035828675
79036263150
74952234667
74955353249
74959185282
74957918268
79057153660
74957919288
79032447711
74953410490
79299293737
74997941112
79295251944
79859995098
74967482250
74953189225
78452669645
74953416474
79262644927
74953901288
74953444429
79689814730
79153759917
74951252684
74953598018
79035371818
79851186081
74953635018
74842547838
79853399992
79636038061
79168707674
74991509862
74952585050
74957755061
79195428575
79857843386
79857238545
79160944500
74953961369
79685531657
74957156401
79037101631
79165795779
74953416757
74953812637
74953745173
74994573495
79251726390
79269703303
79031703687
74957035551
79096593019
74997859091
79855150751
74953964576
74959894708
74952876882
79857681097
79637113290
79167319825
79199654824
79263883813
79067728248
74957212000
79096557633
79162435544
79653170020
79253262025
79167776898
79153274852
79850590205
79651819885
74953404496
74992341121
74956444405
79165569994
79637804918
79035713222
79150603892
79169987505
79265376026
79296174268
79652040489
79166750553
79031816292
79268538308
74957791119
79636397964
79269040520
79263020828
79997304183
74953991106
79163794531
79167979622
74953424072
79680381738
79858095015
79057054158
79151007318
79261132261
79255958380
79164926881
79850314737
79969738859
74993175833
79689614951
79774239085
79161715457
79778181892
79168182898
79253044599
79035264677
74957129508
79299591818
79778121034
79277793414
74957527722
79036191006
74958517277
79261738762
79032450829
74986614519
79774870259
79015190951
79032947427
79150421993
74957458770
74953632286
79057888637
74957772525
74953353169
74997484570
79851651625
79096418680
74955219455
79055990084
74957301660
74999041621
79067949904
79661520535
74991996277
79684223553
74991207627
79037927514
79258021303
79261041313
79060771158
79160684618
79035147798
79254242299
74996171464
79262291746
74996390000
74951397600
79262940082
79153823243
74957306220
74957999061
79255177771
79660420188
74992403511
79256359067
79257297923
79166503504
79168733714
79168050062
79265733058
79689369954
79151244988
74996644660
79639760105
79252085044
79096332622
74956604150
79032486490
79629327070
74997278849
74953408657
74957999062
74959582763
79035051724
74953922530
79636445385
79166418689
79163411708
79777310408
74953906888
74953356408
74955804842
79057969073
74953948144
79266056289
74995000005
79175435162
74992704870
74992408767
79165417866
79257922892
79859544747
74953354888
74955105624
79166846067
74953473079
74991443897
79857780253
79269057696
79150833065
74953983876
74957777519
79104313535
79852578161
74959562067
79167355144
79037430523
74951251488
74955422222
79161004819
79851514462
74957112656
79252225953
74967643626
79852206343
79645505383
79037417754
74955140655
74956444804
74993571269
79262341631
79036118803
79150004194
79265712808
79197775860
74953745161
79165369581
74953791837
79688393461
79166723889
79267048210
74956726893
79032299942
74953952049
79265454435
79854745363
79263622300
79255181554
79629565554
79057625263
79639654548
79035465412
79167234444
79264809777
79262177787
74953895698
74953477847
74953485847
74953477100
79060487303
74957130473
74992340915
79165355440
79161910481
79778110059
79162075292
74957798364
79684010898
79252671844
79160762078
79262723071
79038266688
79775252600
79260298443
79689172484
79151675902
79032950490
79852883663
79261578324
79262455547
79030179778
79166551649
79264000600
79261542002
79261128906
74956758076
79295785120
79166931080
79773506853
79162043750
79269068470
74954408680
79852124191
79856498291
79775328698
79169879508
79652684640
79637104498
74959573253
74967580258
74996163731
74953473955
79165846665
79091595947
79057148965
79858791430
79163387346
74953395541
79261243002
79035653928
74992765190
79168115279
74954228502
79779678257
74991747127
79261463513
79680301426
74953514290
79219009454
79295989954
79265690020
74825821357
79093453719
79690774479
79529682407
79267034683
79265822620
79057214139
79162578980
79166841747
79268191586
79636997648
74952560257
79162448061
79165751645
79670345578
79264933232
74953402344
74967650952
74953214274
79265305259
74991696396
79175768595
79262375473
74957757900
79162154007
79057238382
74959548052
79774239475
79265384924
74957059220
74991106105
79099575880
74996382287
74956790539
79262568825
79162248795
79057872639
79250352335
74953472262
79852876447
79165679597
79167252625
79150924336
79213134749
79653587351
79160563837
79257721537
79688617113
79166272951
74952296359
74992382403
79266837664
79067408542
79067354699
74956559729
79152447141
79165460280
79296559838
79165530633
79030106739
79671304090
74996512295
74953982356
74992360763
79165112754
79057785306
74992702600
79263772434
74957020789
79165519064
79104627369
79150958898
79265874913
79168278999
79268767624
79265797611
79154617893
79099889775
74956543942
79166851632
79035045544
79256127326
79778060017
79263153819
79055025150
79057723991
74953617214
79067042876
79169586861
79851144608
74957135348
79651080058
79262538888
79680494994
79652585414
79162197191
74997841257
79099334942
79853331401
79778817220
79067652211
79104025175
79151122006
79778467407
74953935672
79096302648
79039601981
79163871950
79250408891
79261465534
79036262800
79670798782
79154921772
79099024070
79645896044
79295000240
74953635525
79161797632
79639913491
74956271099
79099252755
79161423052
79167112813
79096666724
74953421801
74993561493
74959951123
74954956866
74953416251
79152884900
79653695157
79039651784
79167080080
79037741911
79055987595
79263007808
79690890600
79096907755
74996616424
74955648823
74953429938
74956758547
74953191759
79672160648
79296839392
74992323098
74993753438
79263530366
79671157000
79161125461
74957197879
79060416836
79152888185
74951390909
79263734521
74955482240
79154515162
79684939977
79165930345
79269067342
74957854235
74956637820
79250767937
79037585369
74957193518
79153600690
79260611883
79267261781
79104083651
74957973200
79262487441
79267549138
79637272296
79636894069
79295909208
74992652383
79629664218
79255173111
74956657887
79773448902
79252691092
74996860802
74952344401
74953318028
79104003596
79166003850
74991765984
79104774160
79265681772
74953136855
74957879252
74953129896
79104808596
79161344172
79685802126
79264772724
79055549539
79851443339
74992325740
79166462983
79257500129
79096746121
74953417676
79777871928
79268969909
79267022009
79191000596
79260292583
79254610133
79267069390
74956545813
79191067261
79853836045
79263389885
79161404077
74997440322
79255009043
79268112093
79269800419
74957124289
79031582831
79661298707
79162716503
79166172513
79998748114
74957181052
79999697749
79852480105
79267004377
79169768571
79160999579
79166338207
79852087330
74996145161
79262947600
74992631740
79162284347
74953591851
74953012664
79168591088
79256445062
79104465434
74953417408
79162056111
79099505552
79296630251
79773298174
74992323135
74953412987
79680306609
74953348283
79636226920
74953425764
74991734545
79037603720
79104501453
79261771721
79156272835
74997464962
79036695575
79152645338
74953378478
79167828233
79166714335
74954242454
79265810071
79104273720
79269461400
79263762580
79150801636
79055717338
79282708055
79167054334
79104230894
79031333262
74953866824
74954262271
79104702817
79265222277
79197731567
74956877387
74953453426
79163199798
79645832673
79039612820
74953071560
79169901856
79153975367
79165015106
74953624968
74957178834
79150430748
79167306521
79164779265
79166884033
74953425305
79038177567
79199659552
79175521743
79165770483
79168746680
79015237979
79032458892
79778131718
74956581396
79175152577
79151387370
79151701864
79260935994
74953405797
79167066939
79055600636
79265904936
79017661191
79687864864
79646496863
79629237776
79096904985
74993472209
79057846115
74954304382
79175669270
79165006188
74959652393
74953421027
79164962392
79685630608
79165478978
79262215171
74953413876
79266812590
79104133333
79856438864
74955492949
79772853717
79265164018
79152029902
79031887417
79165097589
79104203183
79164934790
74953599721
74953145519
79636232513
79262629924
79851568580
79261529008
74953403876
79067719767
79660158848
79851614701
79166342941
79035260577
79151086859
79265460680
74956587886
79267017406
79091683920
79299443457
79255045411
74957116261
79057114560
79654165855
79852911350
79653328460
74991499101
79774624920
79689569524
79031845392
74953408814
79169867777
79774439569
79031036126
74953427118
79685354974
79670788811
74953422351
74956559117
79162575500
79852966885
79771385102
79670676501
74957006605
79160731061
79150323140
79654382259
74953479766
79151158971
79162488537
79104330005
74991739133
79269874863
79166759846
79030118309
79251740222
74965411266
74984838078
79035224501
74987204958
79262908495
79268440471
79263827495
79096944849
79165243858
79091539491
79629713993
79258336391
79163353288
79037200956
79168552618
79037770214
79686689540
79269116288
79091515176
79169773519
79651219737
79688840037
79162167244
79268751819
74953902066
79161586007
74953517323
79166256169
74951959208
79296205950
79687299510
79151891253
79161032703
79263094191
79259993099
79683387817
79015467406
79153467394
74956603045
79269300015
74991907536
79267310771
79261643134
74986578205
79663574648
79165366711
79636512292
79015194831
79032061413
74991797239
79035791653
74953907777
74953214151
79269313804
79036185522
74953964233
79262180212
79037071133
74953950434
79854700201
74957586511
74953137497
74953965205
79260830055
79776107684
74956773076
79035224577
79036761922
79264121414
79269703352
79250924282
79037955855
79263983795
74997274120
79263696129
79299455703
79262080303
74953421104
79057051213
79161575086
79262913344
79166473168
79164466740
79250542855
74959461996
74953406884
74957149009
79253584838
74991314509
74953402995
74967930381
79032081625
79687301647
74996164789
79036891268
79164639793
74957250100
79055464305
79265574739
79262698203
79197264683
79166268186
79854104446
74953415372
79251234564
79162223007
79060816081
79032382463
79035475210
74956335800
79299607369
79169637741
74953954966
79152450096
79859916501
79091515444
74956462669
79651469979
79058675481
79852488491
79299082396
79263060115
79652930676
74993738320
79776174177
79857662160
74955411521
74955005710
79150396864
74986574619
74953948141
79032373842
79255061203
74953410793
79259972427
74956451555
79254757960
79099363250
79617564220
79265393066
79031831441
79161511729
79100837562
74953872109
79671877796
79651550244
79160946631
79661136223
79262078507
79163269395
79060906409
74957774147
79165075009
74959337300
74957813547
79165859443
79153367303
79035895194
79263998576
79037828081
79250905853
74953442828
79067856057
79251849484
79250600807
79067127360
79096578071
74953408515
74953128794
74953416991
79261467197
79036775515
74992724376
79057839993
79261653332
79167556006
74953429117
74872455325
74957211515
79160311536
79060770009
79151907983
79162154994
79652632409
79263709034
79262367030
74983027424
79854298999
79295243050
79776951996
79252907105
74953404991
79646490019
79031577744
74953407331
79175720505
74957099207
74967573420
79262669061
74956586686
74953411412
79153307358
79688405390
74955274620
74953450199
74955792284
79267837387
74959210272
79629499881
74985059988
79166719995
79031126982
79167197145
79037291180
74957179553
79162211354
79166664126
79150094447
79154686269
79250638371
79151234353
79687253513
79099008606
74992500572
74959928318
74953441879
79168782145
79104060111
79057262352
79265442561
79206348802
74957173791
79261435589
79162890350
79636361562
79859241653
79851962904
79169986940
79164723300
79151135286
79851338511
79689645297
79268439762
79166937894
79268999911
79055373148
79636900237
79265298985
79268709917
79295436506
79646264589
74956203315
74957778107
74952324226
74952320808
74953411883
79175359402
79035283855
74992679980
79266018663
79165101600
79859972616
79104037617
79265385634
74992323509
79252112946
74953414340
35315437070
79262083298
79261492228
79261994771
74953718579
79269528549
79167958463
79263405811
74953938198
79688761407
74957816623
79774083351
79175724537
79166157774
79269145471
74953588204
74956456889
79067853248
74997812821
74953427184
74957772515
79169994044
79055475163
74952255123
79037102011
79152602270
79265263836
79096467733
79773297996
74953418081
74956692400
74959650352
79671825251
79154167131
79032182449
79057484704
74997443479
79774236100
79196999919
79099328655
79067383338
79166754288
79295895696
79168115165
79261257755
79264953664
74995078529
74993235722
79262814146
74953355551
79032183308
79262751544
74958672129
74953415870
79252718882
79165906253
79036638294
79152909841
79153010886
79227132090
79258455583
74953412776
74997427513
79057310075
79096461065
79637828095
74955000753
74953405359
79186779367
79036307296
79151958755
79262173389
79161736004
79257318813
74956081306
74953989205
79629784005
74953423254
79162959008
79057694440
79168466402
79266430257
