74997414043
74997422231
79035036393
79160077608
74997465012
79852269854
79031285017
79165223760
79104716946
79267217923
74954241158
74957103612
79265759393
79036285686
79645076906
74953101513
79151387370
79169560977
79161871775
74965411266
74956586863
79035423842
79670489968
79254510856
79263710787
79688326166
74954190826
79268900016
74992322645
79262733852
79857870251
79296774488
74996199832
79260421866
74957128404
79163159398
79161270624
74996130770
79032572100
74957361750
79256254512
79152487411
74957876913
79260354747
74956572428
74956057518
79779637224
79686870830
74954334503
74957169627
74953511377
74957858301
79261309662
74993572330
74953599650
74957757900
74953974760
79153894050
79067579454
79161474673
79652509095
79262731918
74957486424
79169151404
79037142514
79670153862
79161471086
79859123440
74953214374
79776173861
79153832758
74955524980
79169650966
79775866185
79099115251
74957758621
74953490093
79067170747
74955149573
74955514109
79637707115
74959263869
74957978686
74996526000
79262850151
79859975091
79262454121
79256134512
74953421421
79257562008
79647151424
74992377018
74992377462
74992490590
79258396600
79175909052
79269102133
79161540021
74992627726
79268767314
79264927659
74957884718
79161521359
74956321003
74957304449
79257448579
79099577711
74957770800
74953452882
74953321309
79261756902
79262641900
79037481251
79166075481
79262574263
79163779956
74997430177
79153000164
79774255372
79164120379
74956834044
79035264677
79857835094
79166346848
79652420726
79162632498
79099983238
79651717155
74992130012
79166173973
79175070948
79031293295
74959611304
79775128323
79037874421
79646414804
79166294106
79661951532
79253173539
79257153168
79165649811
74956508700
79254973084
79166276917
74953416168
74992645228
74992442638
79169932689
79854349291
79506189692
79067669873
74953414352
79637536834
79261059616
79260583128
79261453583
79161943700
79858744485
79031317401
74957301660
74991969902
74997097462
79057005719
79268005112
79169990280
74953418980
74956100466
79652351206
74987675366
79168121863
79268937709
74953417130
79651975519
74992324654
79296216491
74953428375
79031049677
79166407473
79268491288
79637870160
79671097272
74953965205
79265733071
79265978954
79263361663
79261428817
79199615406
74957458770
79164075358
79162999059
79689645297
79035694669
79165951725
79032233777
79035450007
74953532422
74958515394
79859912992
79261331567
79031118157
74956790903
79857670211
79037643254
79037286353
74956545446
74953919901
79035710997
79031683370
79646388043
74958271662
79639656673
74953420939
79057701057
74967621459
74956800033
79153120095
79166141292
79161422115
79263342593
79057667917
79153582361
74956540984
74953769150
79166886571
79776030743
79099944443
79636397964
74956704989
79169017000
79165568066
79262309176
79104355878
74992320007
74956721294
79160833167
79165714229
74953710664
79774001809
79035283855
79262694440
74997550050
74953401874
79262958897
79035938667
79032447081
79166343370
74953348849
79057053074
74991641944
74959875826
79263281873
79197860620
74953410011
79057172000
79166964082
79035475210
79163914302
79162009895
74954223504
79269155172
74953437088
79150087501
79779678257
79096719288
79637504651
79036660488
79104311412
79250004929
79687647824
74991793910
79260868488
79035470297
79252451625
74956544127
79262399473
79260660999
79036830164
74953442921
79169586861
79175727919
74957836320
74957479292
74952346520
74953422028
79035646216
79268229231
79055599718
79197673633
79660889592
74956631100
74993249844
74955056800
74955454756
79150257924
79295082955
79856002766
74956681329
74953955132
74956401771
79265301342
79851482616
74952800701
74991443897
74991210738
79168762332
79639683990
74956660209
74956518404
79250072112
79162622282
79166787365
74992324452
79653293440
74953964576
74957832557
79265282216
79647255058
79057078627
79854105475
79154054454
79164451065
74953423254
79055863480
74991106489
79853654741
79161248107
79858695878
79161204942
74953791789
74956739353
74953446047
79651708787
74954190828
79161223688
74955512139
74959891249
74992325534
79166751887
79269733181
79031853061
79266194286
79165384045
79257721537
79152560209
79262047807
79169979435
79670669136
74999224943
79154465587
74994733310
79645519257
79161442369
74993577014
79104711024
74959136715
79250015910
79031529004
79672239316
79091631989
79015435111
79264512378
79067356383
79104658387
79268426262
79099381398
79151972166
79853028639
79636824949
74952216921
79265335502
79263395224
79197732029
79858248591
79269364456
74957133399
79104455101
79039686474
79260902018
74953948282
79031267211
79257266388
74953476775
79039680916
79261798405
74996115229
74953419378
79166574337
74957877787
79031349282
74992324387
74953487789
74986830427
79175570040
79162851797
74992617083
79258692255
79683222240
79688366423
74993572836
79262344188
79169097373
79161348756
79269803004
79165694402
79160730567
79067127344
79250680401
79169548836
74953920184
79672172627
79160342245
79035743229
79037814159
79771478277
79175130513
79636957714
79099318989
79154929924
79257271847
79266323496
79263629931
79653945000
79031005514
79636423366
79154044152
79151900414
79636039006
79687080882
79859873660
79859931807
79032479537
79067856029
79265784367
74953974368
74953914821
79262827989
79037510188
79255739880
79853069767
79032605407
79104146192
74954205676
74993170331
79263774704
79772696005
79262588370
79636221342
79161464410
79265089944
74956544425
79151234208
74953662329
74953486249
79670538933
79852124191
79169877382
74991375602
79772810390
79164238931
79257021524
79605871755
74956798424
79037655224
74997071206
79261057188
79169919101
79032771260
79035485269
74994573295
79057786015
74964442158
79104463077
79037074465
79169540316
79175501705
79262885432
74992609192
79651546025
79031999123
74953904492
74992340858
79263622300
79169292373
74952743131
79653695157
79164797070
79652675561
79855256255
79262838005
74953403591
79265268430
79251749428
74993566440
74953593235
79645665752
79852149734
79265871186
79031029944
74956782429
79169624161
74957875337
79772980792
79263869560
74956761426
74956171366
79030173842
79264512720
74956041055
79652947711
74959145600
79037772574
79265308386
79055647161
74953621280
79104247588
74957757879
79263007808
79639789454
79164549297
79168069727
74997435623
79035587320
79031096982
79267533083
79055779922
79261895909
79099906418
74956581455
79254099192
79258455583
74952323211
74872253041
79032624390
74953943525
79688252963
74953950636
74953903377
74991358112
79067090426
79267515528
79687530132
79263466898
79167322233
74956451555
79032914564
79265729375
79162825352
74956692342
79166239021
79687437828
79660853196
79164036565
74995042828
74950250888
74953465145
79167995466
79169897077
79152602427
79263244996
74952328775
79657170007
79851585859
79151842460
79636226920
74952801859
79031479453
74953453937
79037298001
79166094473
79163051211
79035512377
79166669883
79999706376
79154341553
79262873654
74872230486
79163686606
79035750070
74953990419
79260942135
79263750614
79032171724
74959150712
79191082201
79251355379
79167513151
74957136369
79266944000
79168501324
79096695640
79032516797
74953403063
79647650290
79258052357
79166932307
79166776094
79162554525
79031641501
74953412791
79616729906
79163430583
74955494542
79856438864
79684929843
79267991521
79251580055
79096521622
74953405824
79639619697
74957100357
74955527929
74991799716
79257405784
79104065000
79167809823
79646358189
79255009733
79164760017
79037974857
79161849711
79687144312
74953417370
79684256143
74956586686
79161157814
79055708030
79160803022
79057051213
79037595578
79162430053
74996188701
79161339148
79152377602
79032025601
79165461450
79163875269
79653162236
79777272296
79104060111
79169744676
79647992878
74959524959
79167057540
79772637939
79263624032
79263883732
79091580110
79055797909
79031678383
79645505383
74956470137
79165589064
79067256195
79035127437
79647244115
79165295279
79153398833
79160140737
79067087971
79250054198
79165706013
74953404205
74953586005
79999705857
79167920674
79264261742
79268320504
79265795025
79164984900
79163100077
79096412533
79055681333
79057850352
79258971572
79299631970
79036682768
79260400096
79996122089
79636519325
79166828208
79267261781
79261854072
79175025594
79032928430
79257040162
74953427184
74953484488
79164593534
79250309530
79151152665
74957158950
74953997725
79151814308
74953922773
79151127802
74959587843
79032079417
79266575686
79269998515
79262693419
79165076012
79165000674
79057623349
79055946492
79855112933
79607216444
74953979149
79165707308
79253238030
79067795601
79851313717
79166122462
79661778922
79255858189
79857656122
79268237963
79859229243
79854442882
74953920479
79258451900
79162656596
79035974559
74953471014
79031102275
79267892727
74953879254
74953934433
79260217444
79165484452
79852240481
79253210533
79161491752
79686926611
74953419126
79150569639
79265217400
79154386338
74953986098
79037128531
74953407714
79267098889
79256359067
79057444627
79057450986
79162483746
74993231668
79035749177
74997840594
79162737605
79671091400
74983027424
79260243000
74953280486
74953957458
74997235192
79268150684
74957181449
74953424857
79263888374
79161796052
79600535838
79264107762
79670305262
74953418834
79166393150
74991592554
74957583647
74953293097
79997167002
79263156203
79253731600
79161943373
74997252824
79163740150
79169171441
74992423381
74954838010
79853186132
79859655784
79161659907
79032168495
79060665237
79267273433
79262794282
79680938090
79261671791
79166055207
74992322447
79263370730
79261433469
74956310970
79268734042
79032549655
74986573222
79151886191
79060368656
74953963797
79154353549
79150508939
79168873626
74953969635
79261461125
79684122121
79162429793
74953049676
79035551782
74992604774
79653960757
79032220980
79266609090
74953554693
79166510989
79161479754
79161169816
79055726707
79166426508
79636767176
79250411358
79265535033
79035718148
79251271848
79096444907
79162406859
79262030829
79647948711
79161611591
79057757966
79166031358
79773562959
79166224877
74957146358
79636099034
79266932020
79858332134
79295380121
79623641272
79162798853
79153391113
79672016721
79057082133
79153440720
79261051261
79165143327
79261606379
79267252075
79032778149
74957099154
74991608059
79250944502
79686076377
79166705299
79661308116
79629073333
79165102542
79155029372
74953989832
74953781877
79160762078
79035526899
79167313663
79168559429
79254574386
79687844308
79255915670
74953417131
79262027847
79164689520
74994004452
79166068932
74956524558
74952587083
79227084618
74953413409
79104444307
79258442597
74953588454
79267399093
79167921562
79258476436
79778283320
79153310797
79031587781
79055549539
79661222255
74959963094
74992323914
79031867044
79057860457
79031762169
79160943214
74953482218
79263904924
74992324718
79854640782
74967634982
74992325209
79670788811
79104839550
79109046307
79167857646
74991713934
79686814227
74953931810
79104560299
79268963197
79165675977
74953132555
79265585424
79266865481
79169646411
79263689379
74993738320
79263909203
79161335645
79266104581
79153101903
79057526757
79645728684
79851091581
74954862526
79055502999
74957126176
79055572179
79152960236
79109420318
74992320345
79645762712
74953413470
74953419211
79852412630
79859914540
79852657006
79055653718
74953405302
79689569524
74957705947
74953013484
79857741528
79032396570
74993566986
74956592661
79295366757
79152505610
79099976946
74953296892
79151907983
79671978757
79169470575
74957178752
79267212558
79035001081
79032251511
79267095039
79254100005
79260452104
79165746825
79099528711
79637593652
79162998277
79267016473
79166574066
79165739768
79653054884
79267946901
74953988952
79852204260
79104543465
79295379042
79035384079
74956237349
79269142703
79152073377
79265221915
79104725352
79166305265
79269078346
79153340990
79031003714
74957061623
79104653757
79852405441
74953943607
74953996646
79653101296
79672373446
74993570403
79261369578
79262621933
74997412147
74997424449
74953428788
79251290308
79166594925
79161322080
79858167014
79167800591
74967692748
79175462177
79057490809
79654274765
79153244417
79037194687
79162167244
79254852351
79250113441
74996168162
79637245709
79654237378
79774442195
79104056476
79269485119
79154632941
79175043867
79774871381
79169581905
79055846284
79269141282
79191082989
74953477223
74953416991
79854727714
79163133130
79037317880
79207569118
79261299058
79265912762
79688871296
79260298441
74953957663
79639627551
74953861828
79035767532
79162782251
74967683258
79057304344
79299443457
79160684618
79261136429
74997469858
79032944482
74953400964
79262173213
79852201731
74991257698
74953614629
79777576465
79253130930
79689177255
79852552216
79099723076
79153274852
79199644401
79856402323
79651453545
79858214009
79035792192
79260328393
74953022577
79261523747
79017464550
79857232832
79104575334
74957850309
79296801043
74991721770
74956655600
74956482949
74967647268
74967545245
79268120548
74953909185
79168101359
79852572056
79099209007
79687935292
74951508585
79197773272
79686671334
79099921050
74956275211
79636671781
74956909559
79032733431
79268309219
74991252625
79856199821
74952155503
79162011486
74957370880
79166035080
74992325890
74959455527
79161936816
79166953318
79067851585
79067786479
74953877536
74956725807
79067949904
79859829689
79773955903
74956741396
79250282819
375171622499
74957390404
79672048637
79853648711
79268881735
74953413346
79164639793
74957165500
79263830712
79263305405
79165838352
79031409080
79030066611
79057135641
74953485903
79031177098
74993504405
79166430000
79096983054
74957231001
74991332956
79651847602
74956602442
79165776119
79163056509
74956943868
74956402196
79859826050
74999998000
79773938743
79258928883
79852609777
79263989978
79266012410
79035461899
79266308989
79652733392
79265746123
79258521993
74958670559
74954234904
74993235722
79250915060
74957875357
79107544690
79162463847
79099513705
79167039029
74993248720
79175478023
79660985115
79168226205
74956727837
74956200801
79151255347
79037994313
79111113474
79265911526
79254261356
74992379080
79295318694
74954164535
79250402046
74953442982
79778039091
79169800270
79162713625
79150595435
79259055336
79267692778
79162228609
79258866924
79168749862
79268965482
79163547054
79265753139
79778304056
79251112872
79266970745
74953408103
79161645125
79262678261
79264013376
74953429749
79162813670
79296775642
79255079881
79162807210
74992376132
79031744280
79150442298
74957342575
79260368219
79997117595
79030038952
74953968429
79680865601
79162343067
74957455565
79152105099
79522967205
79852694108
74958673255
79165164948
79263899137
79251932935
79263497525
79104805766
79057406745
79161234433
79265790944
74993173260
74956544086
79162729537
74997249530
79037992377
79858934065
74953844806
74996180896
79037887877
79663502984
79057171043
79999090171
79154856975
79857549001
79206564361
79262408356
74953414359
79035642132
74953476071
74953917397
79683988498
79175886585
79104640184
79163387083
79160780715
79255045343
74958516721
79163554928
79689400787
79685334075
74957132776
79258308038
74953406379
79776430198
74993577518
74957881871
79269089129
79169757916
79672672679
79164315648
79637605827
79263183823
74957144173
79175427472
74992321118
79670214337
74996740052
79688545513
74996166784
74958678640
79852322102
79684769656
79160138839
79162665915
74953423174
74953486640
74996535356
79060391460
79209836675
74959877100
79268188501
79260905531
79032781351
79154317143
74967559001
74953936376
74953411293
79104705120
74992324094
74956680671
74955406967
74956379440
79165366711
79266414722
74952690366
74991293130
74991603470
79268593871
79255079591
79776102893
74957307302
79165906253
79169479887
79167217212
74953479260
79268982760
79267134492
79261700372
79779665103
74953416676
79160714044
79686456465
79266622535
79264222187
79169221218
79670304130
79067855794
79035521846
79030199880
79263563020
79035600283
79262396909
74953082803
79166256169
79165101600
79161980444
79104595448
79165778736
74967526691
74959743581
74957897480
74957519322
79175821885
79162499532
79250426011
79299727699
74989175476
79091565353
79859693588
79267533783
74993236947
79251892985
79037790429
79175936543
79165154649
79299926706
74953446453
74992180049
79036277724
79686074248
79168119390
79057928440
79166451678
79256210403
74999638058
79151121231
79031748922
74957138317
79035876256
74992112436
79262849374
74999771569
79167234444
79999651505
79779420650
79165195695
79258929323
74953900384
79692552045
74953407358
79175639205
79166417265
79199971919
79169147190
79257418439
79263983824
79164541479
79162185423
79250429716
79265900629
79688026368
79161760813
79161802788
79774111102
79099027209
74991374503
79265442561
79250942834
79035930044
79161336068
74953401687
79163398392
74997860323
79168570354
79776098599
79857668615
74953746893
74953421829
79258737143
79152120762
79181896144
79035455263
79153971295
74992323558
79035997384
79262688820
79096345575
74992323590
79265413391
74954235897
79091653515
79251500321
79261454054
79165063017
74957135480
79263287676
79854472507
79160186511
79057999029
79688170550
79150448051
74953487182
74957096332
79037880314
79629552944
79104699999
79055187799
79167299388
79671512290
74992320541
79099527225
79168563042
79261444641
74991377509
79057890494
79032225524
79268518501
79652349777
79265612266
79037448945
79055719202
79852223983
74957091891
79161979711
79154445221
79166011576
79670580830
79037544745
79262750695
79151044488
74957022641
74956316357
79036104492
79775893161
79166789988
79267799608
79257788007
79859865500
79267228108
79859202432
74953253652
79104389555
79166392029
79261450768
79055179033
79267885000
79647012923
79035369009
79037538837
79263920377
79167669791
79269674640
79162395548
79036244405
74953426796
79055155495
74953414421
79036118952
79623618400
74953183919
74953423459
79166199605
79163588555
79851202940
74957128735
79268880835
79778068660
79998092591
79154850531
79254108699
79851303500
79652325621
79688656902
79160017725
74953420086
79175875771
79055346677
79152594767
79254517288
79266650080
79255145644
79261808673
79031559696
74993179961
79686714159
79036621130
74993561454
79104413074
79067102333
79163247152
79778121034
79295627828
79037199534
79037728919
79262643031
79150196410
79261685975
79999605000
79663112326
79651013739
79295019603
79151369778
79653309259
74953939153
79265217791
79035234803
79161701889
79777544270
79150802868
74992452153
79777544271
79163195227
79037985059
79267311630
79060643873
74953397229
74953415985
79852653591
79036813685
74953955584
74994808268
79257486160
79165180911
79096760605
79265815981
79254957313
79161802087
79516931657
74953155238
79251696694
74993249740
79057517990
74953960790
79168002572
79161242219
79040572806
79060549089
79164220334
79859236726
74959742891
79772693477
74996148687
79191004937
79099214237
79031960113
79153660977
79175234228
74986619617
79153642545
79651029580
79260201431
74956328888
79099869142
79165847705
74953925025
74953412385
74956170632
79651589513
74953427131
79015930458
74951390909
79037143920
79055956239
79670619091
79150426444
74992323920
79687030119
79262660083
79165470475
74953355309
74953548156
79268551102
79263777027
79168115279
79773151457
79165835976
79035068760
74997034413
79031790818
74991455636
79032534010
74997024403
79250707500
79200173040
74953722691
74992490386
79775703068
74957559800
79266569416
79252992809
79032769346
74992537385
79166154161
79651295146
74959825540
74986614005
74953919538
79153660546
79259357151
74953418577
79150955277
79267876432
79263088668
79042602002
79262049831
79263174547
74955437232
79175863844
79267631431
79154094741
79857609440
74991712834
74958673980
79686072885
79637104498
79175553683
79037997789
74989177356
79262826011
79032422662
79652655717
79296707020
79162586440
79653795672
74954532249
79168490665
74959530641
79162154007
79057223929
74957707707
74957774147
79057639454
74959817094
79104271381
79859879643
74953982047
79652594029
79680488048
79851885022
74953999479
74953428256
79857678486
79035789048
79032386696
79257774990
79057785306
74957973585
74993223730
79030106739
79165438153
74953966545
79039761083
74956400806
79169303031
74957480471
74957862626
74953215206
74951345445
79686054499
79199941996
79773004871
79637727935
79031396293
79169682688
79269310696
79199977121
79060987442
79672787634
79267161675
74991941578
79104228257
79629807491
79150000451
79152616969
74997841667
74997826114
79265270707
79854179993
74953418218
79636829692
79055175727
79264289641
74952760800
79154500000
79166909022
79057170687
79680761296
79670834552
79099544648
79067074488
74959532998
79035583222
74993563559
79166028009
74953404256
79037902388
79167556006
79163475587
74959255996
79175507079
79165015106
79652671150
79037865723
79151393935
79265370767
79166842636
74953407790
79153055525
79263880307
74992324571
74953947438
79857671632
79263280000
79265587472
74959545740
79265997173
79510951909
79161687496
79777896196
79265319390
74959515147
79851766634
79266137330
79778811694
79652435863
79104228386
79267647195
79856008525
74953984613
79263300111
74953484717
79651268435
79066697479
79104148269
79162227759
79036611392
79636760289
79854487388
79672916507
74992322079
79253361888
79857668914
79779710908
79265766619
79636972222
79199638071
74996103513
79267325819
79035083040
79269145471
79161731857
79038802250
79166512981
79166077203
79687037818
79036848605
79175160618
79647920282
79265876674
79857685834
79153003977
74957211957
74952584534
79165390065
74953406139
79055385180
74953558936
79269311725
79663040022
79162398844
79253330709
79151716724
79031722211
79166841747
79161180606
74953417415
74955851364
74956794358
79684127945
79067259331
74956876146
79684619986
79160654321
79859927909
79639775430
74953418223
79169189049
74953409843
79055639535
74956637820
79688425158
74953421866
79774470293
79637199253
74956600227
79035744645
74955140077
79266367053
79165415682
79067598615
79251508393
74958670515
79262481838
74952215320
79852302754
79296088722
79031242586
79267298684
79636801406
79774754038
74995178888
79055438822
79163052526
79851557170
79104081506
79153713692
79164033878
79035499609
79163305243
74997033051
74986025117
74991436140
79169874649
74997210918
79163105858
79853441908
79032979380
79099675526
74992621592
74997413234
79037927957
74957480385
79251003884
74953474816
79151837041
79096725757
79032787198
79175444809
79670599923
79684766000
74957392140
74955754387
73433813597
79852053145
79857683872
74953424679
79166265457
79998426277
79265511633
79680379009
79257900974
79166275205
79251205565
79032333405
79162443555
74992652215
79295639120
79037579831
79629095876
79645053309
79260782334
79057133315
79165044060
74992702600
79647005260
74953491016
74957846284
79262220803
79265295687
79851589980
79263899672
79169149673
79672371166
79055892063
74956902127
79165152959
79265902665
74953915642
79688222896
79067849255
79031025636
79636284113
79037909480
79266561946
79035370359
74953404381
79160024743
74951941872
79161928979
79169602345
79773392148
79263003333
79636232513
79160978000
79660104275
79295941309
79251754603
79999839620
79150231481
79687420930
74953417985
74992322504
79150603892
79250766673
79057504659
79057026678
74993208274
74953555989
79636963803
79060906798
74953402198
74993246338
79037928416
79150542527
79166754648
79015620402
79167151917
79154813979
79160774455
74957706680
79099212928
74953473909
79163170908
79035568100
74953520361
79099521568
74953485184
74997427436
79265281749
79099697862
79268824916
79773405758
79269775707
79636627990
79629137909
74955253228
79859877944
79037484181
74992431993
74991685089
79256609317
74953223237
74953943662
74996183281
74953426776
79163311107
79265786431
79150350360
79261359933
79776801727
79685141614
79150942253
79539135344
79672094910
79258522452
79038266688
79854106860
74992323968
79106234111
79853056099
74957516995
79191054655
79166071731
79165556258
79261604757
79167099983
79296059536
79096429236
79685333484
74843968089
79067915596
79636317889
79099190266
79161896795
79772792871
79154021020
79175023486
79151621073
79672755565
79055467156
79251160089
74953400147
79253804201
79161666576
79091617855
74992113187
79035960804
79266224348
79175234508
79096467733
74953437833
79161841398
79150087964
79252257691
79629329784
79269291060
79269676229
79670255248
79262122929
79262123737
79036300740
79150823874
79036867401
79161940977
79163220604
74953436711
79154563904
79262545188
79855805877
79164435447
79859854546
79163257531
79265960996
74957137888
74959673360
74991791735
79857281261
79269138607
79265513539
74953893792
74993571433
79256645799
79646488822
79268748859
74953181185
79265258482
79250849543
79035511728
79163218324
79265393591
79165217516
79261760744
74951505558
79261417160
79206790573
74953959587
79167119895
79263432284
79037352269
79209650891
74953989068
74953538556
79164833038
79265383615
79262379889
79055561202
79268212352
79853371456
79258201935
79153354455
74953470721
79262169709
79031367393
79099241609
79161610898
79151836347
79167273861
79773005347
74953453260
79262713447
79164247702
79169969912
79037829452
79267278097
79859102343
74953226167
79261511093
79104693209
74997861192
74992180294
79100828890
79265464051
79269195756
79255367914
74953407638
79535072929
79057346358
79252248165
74953425983
79166085350
74953425355
79858903814
74959187193
79175023105
79057554438
79257402620
79265801661
74953408402
79165100737
79774288270
79775871665
79779014230
79096874409
79629212311
74967641633
74954443775
79057426037
79067229912
79104098111
79260319026
79296075559
79257122919
79859992925
79150601729
79166431989
79037491371
79164704763
79037723539
79151123554
79030015831
79031031115
79253238711
79162696090
79689797202
79261187338
79267616494
79268109948
74991385056
79067409826
79060560630
79160894084
74953582555
79263951982
79037811837
79258440888
79647155921
79153329768
79191071488
79031926584
79150349200
79166977917
79654001599
79100008180
74962531723
74953440293
74997253458
79086348579
79104086561
79036712101
74956558315
79055576162
79166039508
74953456549
79261839522
74958490752
79057658268
79853347010
79778078547
79166538395
79775795682
375172513180
79265584784
79250924282
79652803383
74957113914
79685419695
74953400940
79199933959
74953955061
74993565438
74991226503
79036273166
79163272841
79037375893
79671967070
79154445285
74997453781
79856186600
79104174747
79263154960
74953417289
79629929259
79295892880
79263234454
74953498496
79161236279
79647948000
74992340596
74992320539
79268522363
79168613146
79163931164
79017030277
79031856865
79775802813
74953954640
79035028852
74953653376
79852539218
79166651777
79637107261
79645575670
79263326758
79032578270
79153683099
79032115513
79858351403
79265222783
79055338121
79852883663
79167104203
74957795583
79169616302
79166093431
79037560464
79260920291
74955525903
79057198993
79261810529
79169278618
79165425340
74959025512
79166953605
74967953999
79166000653
79266215521
74953296708
74951502276
79153360532
74953911586
79036133109
74956607666
79057039804
79031521711
79253222997
79067280911
79637126622
74957802082
74956376996
79035905383
79856818566
79253819969
79257403836
74959882508
79104332361
79255211577
79162965950
79175632767
74956234186
79035728786
79263717061
79269221089
74991349513
74996142161
79166406319
79776771790
79151807985
79067803757
79035106862
74956559042
79162257623
74953412034
74953411320
79151416507
79067856743
375296537695
74997077204
79057218190
79167756762
79169814001
74954238507
79165270888
79151751436
79091681414
79154036467
74986574366
74953454311
74957811100
79055917810
74953426291
74962501617
79295309316
74993234037
74991224046
79067774503
79251244230
79163272636
79253490804
79037450403
79260139948
79672288001
74953415870
79263411455
79169009749
79680728580
79252227889
74955454454
79688309007
79055252433
79031250475
74992451146
74959886448
79686318219
79165847189
79263642826
79254415312
74953428394
74957877800
79150232350
79851307813
79267604555
79169932727
79165369581
79774394211
74959844111
79161915257
79091584295
79152883187
79165646767
79268440471
74953582473
74953961119
79099481888
79264361202
74955160146
79261636467
79032466862
79104334353
74956558935
79031778280
74993467336
79067923323
79161533504
74991245602
79268170800
74953000424
79689666632
79266464727
79261726171
74993561322
79151886210
74957814400
74959814003
74959156542
74952341802
74957133918
74996120371
79850494978
79153305949
79169000570
79031392799
74997411668
74957772424
79104010222
79099378492
74953214151
79299083031
79160817707
74992652383
74953461558
79269387732
79268750720
74993231301
79166815743
79162224201
79057298373
79175276795
79099232009
79999922360
74953994439
79268803788
79067989837
74956603916
79263017090
74953434079
79164880200
79262139695
79262163796
79265960903
79166012956
79175701716
74992541017
74958679593
79055317775
79261236678
79775496380
79035073737
74953922814
79255897517
79856421717
79261850029
79166826294
74953392413
79251718974
74953952714
79037405573
79151664979
79778590255
79257513133
79253656015
79684583315
74956832352
79104332573
74953400024
74967676416
79168697114
74997412306
74959255012
74957147158
74991891263
74953938521
79031843783
74957481234
74957818089
79163834915
79296696984
79158990529
74953429938
74953405006
79261447574
79264789689
74957807575
79037331223
79175392367
79152969046
74999205956
79139288309
74953402686
79161593231
74995305992
79264743828
74957805190
79778633100
79683332200
79260951725
74953423474
79777571702
74992015463
79653643332
79269758469
74958476955
79057435744
79032306868
79104641171
79036176650
79037895062
79684361543
79255992874
79264691664
74959371607
79091595947
79859971832
79687692670
74957306973
74952815304
74953319297
74953465482
79162101707
79262833783
74953297122
79036795979
74992715479
79165607915
79663197548
79099227727
79161710781
79152328397
79261477386
79166057001
79261451608
74952231027
79671276480
79166973517
79645845683
79032273010
79689415051
79652388839
74951343566
79652368200
79299415222
79859983399
79265670434
74967433603
79169546156
74959508070
79165516656
79162415000
74957178612
79175988104
79123042337
79263343654
74952236245
79166882954
79264766307
79267775553
74959954949
79299854737
79636941896
79100927824
79774972147
74957116076
79168252118
79099391099
79165404422
79255628240
74952341806
79164511092
79096944849
79037188282
79104137768
79261285688
79166846133
79853565632
79854400641
79152483603
74953591321
74997253197
74953422113
79268262166
79852656335
79629327070
74956264888
79161141195
79268863328
79859226523
74991371317
79773697616
79296414141
79164368969
74996145881
74958678382
79857243374
79776184076
74953711509
74953424450
74953957302
79060767972
79035916196
79267572693
79647765373
74953456858
74953428638
74991731393
79775801426
79998253325
74986572614
74997940427
74952216103
79160077638
79150343307
79629473773
79031461706
74959587253
79032607376
79166097607
79166119181
74953969598
74986987731
79163584936
79856231084
74953330753
79852339494
79166637343
79161472930
79265882020
79164839325
79859563720
79067250151
79261393795
74953949222
74995018373
74953413925
79636645176
79269889643
79268995051
79037789108
79265638302
74956933305
79671471339
79267795910
79262046296
74953214047
79160642726
74992302102
79162982329
74953935833
79267151558
74953883354
74954914078
74959883061
74953892233
74957717191
74957800382
74953420303
79778314570
79637716363
79266926073
74956403640
79268595066
79687580122
74954000002
79169399465
79154217766
74957877410
79031065215
74992353330
79104512171
79262105740
74993231934
79670019901
79265220593
79032357818
74991793011
79160711733
79250208746
74953581154
74993743713
79175432782
79162668771
74957104780
74955445554
74993246863
79779643167
79637175059
74967557410
74957809690
74996432941
79163056078
79031733902
79859592763
74956549282
79039799569
79623632777
79250572925
79152852173
74953010220
74999210211
79261736221
79164473202
74956964926
79165610406
79261450298
74957086640
79031098384
79265565565
79163530253
74999407934
74953416689
74953404498
79197704989
74959827979
79169543299
79267857085
79250751085
79100095290
79778035315
79167436842
79263612667
74959546127
79252885105
79035534879
79104343630
74957871186
79260298443
79166208653
79161009262
74953464624
79169178484
79032710244
74995005320
79261541219
79266700079
79267601575
79851009209
79256314414
79253193977
74996125929
79057962544
74957799258
79161820459
79055536464
74955454440
74997300738
74953816356
74956993067
79262659685
79262280101
79191091818
79250945616
79151471956
79153597255
79253562526
79164496663
74953103541
79854730551
79256803373
79166726297
79161516670
79263817958
79164802271
79161347362
79031052216
79161853456
74967620175
74953886097
79261127525
79250359829
79156272835
79639996634
74953499061
79091668811
79859238785
74956583492
79031256633
79774922672
79263010396
79036673304
79257775643
79091587928
79688456406
79262779296
79151100445
79851200004
79162347626
79689284319
74953412658
74953423686
79265692576
74986617650
79647915029
79175085388
74993562229
74956541133
79262175197
74953408814
74953552870
79255062344
79774163510
79268178569
74952236005
74958671892
79091553451
79036731353
79167229847
79268250325
79039644430
79162143525
79152035354
79099103210
74957896202
79657769999
74955807002
74967623502
79164709467
74957107422
74953985283
79150108300
79099390656
74955425115
74956919540
79167229209
79032426464
74957816038
74957120469
79150530219
74997220192
74952583945
74955515639
79263307520
74959262920
79039775448
79032138292
79296299731
74956458240
74957714727
79030151224
79167394767
79175120721
79688063011
74999991520
79104764248
79660484969
79031120393
74996199964
74956588423
79055091858
79153886861
74953407240
74992321406
74959179272
79255023837
79260676589
74953650257
79104631050
74957775545
74953927296
79265986315
79167112813
79162657715
79096769545
74956411212
79166090979
74953953504
79096579961
79055710055
79266251050
74954503322
79096615009
74956008121
79852242878
79268108823
74952121522
79160446026
79175333307
79257122976
79852728113
79671847736
74953512125
79154117833
79032179719
79629003313
79169280288
79859815994
79161840518
79533627299
74953985263
79057291576
79670039533
79161860122
79161797632
79651732521
79057614375
79057644791
79167039835
79613182817
79778099255
79645154514
79778836900
74956219071
79057645626
74953440248
79651307237
79037723990
79167464344
74955494869
79263964813
79856409594
79036250176
79263989488
79163012133
79060546519
79654327771
79266211001
79037985164
79168435034
79263106700
79261290235
79163836161
79154137910
79268416601
79100047485
79687164455
79031648559
79267130035
79637595840
79672833443
79067945707
79096719928
74955114272
79167331868
79857282800
79261566702
79104329157
79151361684
74953954966
79653004500
79663878062
79651983138
79251930605
79169579360
79166477132
79152552667
79167467297
79099479772
79055695407
74955503695
79852513536
74957196357
74957978056
79164661182
74952873725
79266939983
74953989828
79858227705
79166002646
79035749576
79772860070
79035200087
79263405811
79099733778
74957816334
79533353688
74997972270
74957770699
79032095612
74991610823
74952313426
79067055171
79629043114
74959256412
74953417530
74955501106
79153156984
79268818671
79104796999
79266632303
79168061616
74957727607
79175429084
74956467516
79853088281
79257330463
74953416057
79636182020
79672963911
79687639838
79166025265
74959899782
79166002409
79153829194
74953426344
74957771100
79066437799
79036242985
79165385501
74953407951
74956204796
74953413798
79653305499
79168101726
79037194872
79637261026
79163549374
79255417711
79683926354
74991252301
79300344433
79036230977
79160411038
74953455598
79267878827
79032438861
74956651692
79164870470
74956315013
74955648088
79264642771
79167086432
74967634512
79262833545
74956940653
79262628643
79262674435
79150883427
79261221443
74956471580
74994005881
74956648933
79672186175
79857506774
79104310177
79265449832
74959174270
79096526713
79153901696
79164610250
79151703141
79299549741
74991310315
79166299188
74996530128
79636839352
79260239688
74957923097
79686277161
79265714620
79636379880
79096565214
79857281737
79166847247
79654422492
74953413425
79663405718
74953418094
79168147784
79017965630
79037183297
79169997650
74953921901
79269195495
79175411422
79266683686
74953853977
79151808315
79776173913
79167927967
79163877277
79260114409
79262452422
79262739466
74953415024
79166553234
79037794671
79057863600
79299424928
79164058383
79852206343
79261253102
79295579715
79251181460
79254880322
79299659923
79254880299
79672833929
79255840505
79031175466
74953950446
74953956750
79252148896
79255287260
79265633231
79615619799
79255856250
79164053905
79295744307
79055975918
74992381048
79155534383
79154578079
79258696813
79166167106
79031694012
79623696990
79858922691
79152750694
74953412696
79165645341
79257711940
79261740989
79036191006
74953938789
79165999425
79168826482
74959564225
79258501696
79057006424
79151230848
79367775211
79163828168
74967570440
79175786779
79774775701
79175651371
79853028086
79689324370
74951944102
79150169276
74967642422
79165256440
74997848918
79852226092
74953946173
74953923042
79268263035
79295979741
74993568457
79152410080
74953519116
79160777838
79255258629
79772853768
74953599991
74992324614
74996172550
79857742962
79670717866
74957377781
79254521152
74959742515
79263774989
79197280528
74953884077
79057185037
79162077649
74953400912
79169022595
79035648513
74953499634
74993748143
79255977633
79859770091
79261762875
79096927138
79096471771
79035031737
79167027840
79671329997
74991235867
74953403740
79263821687
79160601246
74953831542
79153640462
79153771250
79168090123
74994810115
79055419199
79652927747
79037553878
79262036458
74953449466
79990145695
74953959267
79852639822
79031130933
79646260676
79099117474
79055130406
79264334341
79296536300
79255024463
74953425406
74959925617
79251849093
74957111759
79262716916
74991725427
79850420945
74953939901
79152699646
79150416004
74954279631
79779866353
79260961564
79153828474
79267810846
74957148103
74953416310
79267772021
79636419985
74953288747
74992500572
74992320931
79687230594
79099495849
74959632720
79266044087
79055383008
74955260301
79163202020
79032096271
79257802769
79264163850
79652524664
79175533764
79057900990
79268965112
79167405577
79167401523
79255108681
79055697176
79167016595
79686535453
79166814713
79262763856
79265376026
79035800967
74954629968
74953984220
79263433464
74953422351
74953405127
79032569607
79167421784
74957130044
79257339999
74953440334
79104893933
74953983757
79777752696
79037491896
79645103020
79856209899
79197735645
74956035464
79150684056
79266072062
79160915213
79165689548
79151226213
79269592823
79629987878
79035748126
79250719317
74953498344
79031683464
79264665556
79096550462
79057200347
74953974041
79164374511
79035468081
79251160210
74992513417
74953965157
79680567008
79194117558
79099700519
79779469317
79686380343
79265573096
74953415541
79999666883
74993570510
74953420781
79264604819
79175013762
74953404259
79060642948
79262486305
74957179553
79037872049
79854100936
79266133130
79639257538
74953285289
74997443293
79165774317
79161308756
79166930303
79778450512
79160602897
79055344753
79255314749
79204260616
79167854554
79680433308
79267067355
79684350460
79261873997
74953403876
79057627621
74967526048
79036372023
79250415366
74997434412
79037486717
79169068512
79255738921
79031669435
79254757834
79031226894
79031731010
79166414178
79152722321
79257211453
79031167110
79037243111
74953946031
79057224603
79857682838
79175405236
79096954692
79167932356
79859608907
79057953795
79263481359
74953405418
74996829998
79261464815
74991735553
79164995527
79150118152
79653704554
79250046481
79857824060
79037344569
79256099090
79057054158
74953930834
79168001058
74957114147
74953537158
79652528044
79296082250
79776103996
79031969161
79154518424
79661937292
79163408643
79153603088
79165010870
79151896618
79162807768
74956297131
79175812679
79856175072
79166395150
79151554022
79164618424
79160973282
74953504173
79154529560
74997670522
79035603641
74992320713
79853414467
79858613031
79639624249
79161867043
79152864801
79263852142
79267261386
79260696797
74958406640
79197742060
79153005744
79151413228
74959885380
79671055533
79164869781
74956035998
79031286977
79260955925
79776343900
79261274824
79099898682
79032732331
78123187497
79032331629
79296661204
74953997908
79163227417
79166814511
79163097133
74996089270
74954431164
79687202703
79851760006
79251934090
79037601594
79057678725
74953002054
74955137952
79253668429
74992321153
74957158446
74953403011
74993170081
79265982177
74991667748
79037624065
74953450940
74991765711
79266530666
79175777368
79653157555
79057114560
79254610133
79859994484
74953322022
79037980568
79851161583
74956138701
79268405339
74952155042
74956627862
74957196475
79169948683
74953417295
79290336172
74953401312
79266042648
79055261973
79266256667
79067708605
74956950279
74993569260
79264904422
74956172850
79169886405
79689608646
79262580010
79269594816
74995178855
74956559607
79260784674
79651080971
79670419203
79999254973
79096333520
79252271956
79161387440
74952121959
79652325363
79163532881
74957708081
79031858253
74953429228
79263536459
79163720971
79267924480
74953967212
79773748854
79031571009
79261276844
74953418057
79037415764
79266314341
74952807271
74953469209
79161145834
79636404419
79639662707
79687302100
79651557771
79166855708
79167208836
79164059580
79774394210
74991247862
79251122650
79859912320
79258853258
79689062203
79162062287
74953400737
74953401140
79857685599
79670805737
79165845522
79035976621
79167141330
79031215688
79175193686
79057508806
79057225572
79854419339
79154735429
79645870185
79859588235
74991618489
74953417881
79163101861
74953456082
79161991916
79260572830
74997930963
79267066099
79660095786
79055767887
79096465771
79661259511
79169112839
74953407036
79175063711
79264510167
79162369738
74957800231
79165719507
74953421717
79250426620
79260450854
79161710504
79162658011
79150006010
74957192848
79165290892
79636112425
79060913495
79169128444
79660580819
74993578852
74991675885
74953955332
79647061680
79104420273
74992704870
79162016441
79151238510
79265386795
74989175516
74953975474
74953745679
74953485946
74953408313
79055186918
79035661594
74957051430
79252333372
79060578080
79167970907
74953533547
79099227420
74996167224
79153600690
79037986529
74996153925
74999128272
79857737467
74995177080
74957072389
79263555252
79265915792
79672263322
79260761299
79104874908
79263922445
74954543870
79683543304
74956412314
79152682801
74953133380
79055587573
74953879586
74956589372
79175589928
79037481296
79168887703
79015444434
79774878160
79645281395
74953423509
79039765411
74953417739
79162601579
79260375737
79058675481
74997223240
74955488922
79038926907
79267238193
79295324961
74992686374
74957218100
79168229576
79167348450
79169365517
74956928387
79104863110
74953424029
74953995452
74958673876
79255273202
79091638944
79037854484
79162369236
79163246754
79037282361
74958490668
74991274358
74953416124
79637824884
79096223663
79653217766
79269857845
79262131064
79688606146
79264565504
79167441395
74953006051
79037880685
79268253246
79265248328
79035540779
74993209769
74993578823
79859047474
79169734917
79854138595
79067975256
74985535230
74953489234
79296675704
74955554079
79057617071
74953412891
74953476614
79661509595
74959879351
74953955473
79169933228
79166534288
79651499779
79258084020
74997434488
79166231304
79261345549
79160766162
79262450112
74956461437
79269092923
79684892990
74953594615
79262670102
79651692228
79256152690
79251018819
79268770270
79168347804
74953406835
79161474614
79166310914
79636547787
79032961478
74959186581
79772981153
79257079890
79036703433
74953994131
79096520096
79060775166
74956884233
79160670402
74956277216
79136000444
74956637383
79262554118
79265787819
79015190951
79299259780
74991631878
79191006805
79108631367
79031833359
74732502951
79099387955
79257419593
74995078914
79169910341
79168294878
79168702035
79032210522
74992321141
74959559415
74959535267
79037168230
79164335556
79774973763
79165196998
74999041621
79267078929
79030043700
79778059085
79161588417
74953415938
74992324895
79197259548
79165697754
79255856650
79160039000
79060487303
79778240238
74956329671
74956329673
74954157033
79104161060
74957164457
79267988063
74995000005
79031656543
79035559993
74959561309
79067090306
74959813800
79160374166
74953400592
79169233478
79260935994
79663280103
79255045921
79035397909
79036266114
79161783721
74953908116
74993010472
79154360476
79099414488
79152367828
79175833489
79150493008
79031571659
79637540058
79031922776
79031181207
74985537597
79661111187
79161502153
79251345673
79773940346
74953404991
79227132090
79100154693
79256202083
79060679888
79265226166
79165555275
79263762516
79163171077
74992500155
74956940342
79639997386
79037990169
79166152851
79099895383
79057318708
79264452937
74955405192
74999058043
79035462055
79296838108
79165289926
79165521992
79057367315
79670772160
74953418318
79162624051
79162610546
74953428760
79252856467
79166383610
79850343313
79252825884
79858187717
79651887764
79055281801
79151631708
74953180286
74953971592
79266647599
79031887417
74953980571
74953985550
79037969415
74953998303
79639957602
79153307358
74991976043
79257294312
79778086700
79670245474
79161723037
79653286698
79166963096
79197841949
79851117097
74956101102
79096428418
79629465247
79153964041
74956588197
74991507173
79030057619
74991239082
79257728338
79259164161
79104310433
79032102106
74956773402
79636338639
74953873860
74952219946
79858519599
79856430654
79160563837
79035588462
79037904957
79037956229
79199949144
74956973019
74953426076
74953425278
74995765533
79192687047
74957313987
79259099113
79191051005
79067696641
79057262233
74953957072
79165507005
74957084486
74955808881
74956412236
74953411268
79032054786
79265737803
74959269333
79268281008
79035472478
74996142376
79169390360
74992343053
74956450545
74959357500
79859099353
74993237149
74953412937
79852510780
74953464589
79653601024
79067883335
74959937507
74953880091
79161624564
74959671897
79160726743
79265794487
79685630905
79035203931
79152265143
79269811000
74997662263
79031845733
79175383988
74957483033
74959334680
79773002100
74953951918
74967641701
79164057033
74953401727
74953400239
79253017121
74953252948
79260274252
74957274370
79057559768
74953459641
74953481165
79031446902
79251688468
74953444429
74956087303
74959801818
74957187330
79253032063
79265483579
79050597999
79622738362
74953414340
74953448440
74862550495
79654385196
74953065063
74953632554
74956629122
79254544342
74958678341
74959370737
79776031170
74953952786
79773893775
79036374537
74954941553
74993200716
79263504093
79164682915
74953418795
74993564255
79251157475
79629460059
79686825322
74957799935
79035642551
79035630263
74997253952
79169306262
79154987121
79057971077
79032887731
79646420120
79151961580
79037426962
79262035483
79689012275
74959566275
79260601330
74953946359
79099475331
74992156166
79154599048
79161269623
79036823870
79262390577
74956558193
79036184491
79218822159
79161262179
79163559151
79267827104
79629491521
79261698824
79688315333
79263086332
79151795044
79252228168
79163926047
79165107815
79257394841
79104749707
79032482687
74953169580
79268655414
74953975902
74958517277
74957462839
79661109164
79162173681
79036217017
79037142081
74957794508
79629208955
74991312361
79254798006
74959337208
79647605190
74959527684
79164335973
79295033389
74953452290
79269175634
74992403304
79852700557
79104549288
79250467581
79857691340
74953422389
79166590201
79296769420
79165689390
74959337347
79165679597
74997823442
74953313933
79265566564
79264065305
79104483571
74996518106
79261577905
74956696728
74994582517
79168186008
79253332696
74957107763
79104406100
79151771012
79241830129
79057855284
74959805275
79165330002
79035743300
79161080141
74994003678
74956272400
74953407404
79150392511
74991957036
74953476608
74959899611
79166690009
74986579014
74957820606
79096703482
74959559888
74999209580
74953162717
74992341770
74959603161
79268299210
79161823134
79260466975
79299513500
79162758913
74953545075
79252330903
79295800403
79163871950
79035888575
74953944029
79037550503
74955422222
74956229286
79165825023
79261439942
79067193651
74956459289
79035332883
74955455859
74957758800
79166515370
74956682611
79167937672
79036122046
79647209010
74956450160
74957799828
79262833726
79660729150
79017947398
79037393124
79163645601
74999403534
79258336391
79167529840
79037281031
79268887393
74953419280
79175704269
79067673736
79165144523
79653382595
79265581121
79031213377
79017724047
79031684888
79169465058
79263324905
79260112350
79858041590
74953414203
79163176204
79150775368
79037808649
79773423862
79067567301
79264184400
74993208947
74953467558
74965753102
79265602036
79151199929
79296384275
79672765346
79153380938
79161856718
79164115441
79654044929
79261871523
74953416704
79685531657
79653699491
79262896798
79099223341
79251327070
79161523853
79099975975
79636524400
79672529439
79169040455
79252042489
79161537046
79067072179
79109420405
79269558488
74992341930
74993201511
79162276669
79779688414
74957184168
79175126296
79167329792
79267034697
74997440468
79175715071
74997415784
79265606444
79199707645
74953420615
79256341309
79776117208
79661948100
79854428873
74954208902
79104621575
79269502640
79037598904
74959189046
74959819709
79175189888
79250102710
74953520597
79260760796
74953939556
79104028672
79169698818
79161749827
79055175030
74953455725
79096776682
74953217441
79261803618
79166486843
74953417964
74953440539
79037197608
79168501307
74967527927
79253859830
74956288086
79778334965
79168883330
79032727663
79166026528
79150882223
79167587838
79166736881
79224308415
79853899813
79197263691
79653057323
79104671032
74953414146
79265566977
79859204735
79169000256
74999078422
79039606868
79161829102
79162339469
74953830436
74992320940
79037257480
74993564477
79057969073
79163216449
79104292214
79167954445
79035392658
79169257434
74953456855
79859999273
79154001159
74954223361
79032901885
74997668297
74953842841
79067721624
79096332622
79859915664
74991650035
79030106975
74996133641
79255205620
74953460065
79265356453
79039688081
79037231817
79037988172
74951955295
74954221478
79096778822
79261649564
74953964621
79854420277
74992320318
79670430272
79165039670
79091543141
79261306594
79269116288
79778772586
74958416554
79855152708
74953218264
74953351192
79032044760
74993243421
79109135030
74959115015
74953949494
79851614701
74956559739
79629555999
79266253516
74992328620
79857606973
79260496604
79684243993
79772989190
79175338114
79067980269
79268909970
74954942481
74997427175
79265937112
79165836189
79772770307
79262487958
79629994477
74992425642
79091601232
79255023828
79295997120
79263864309
79683784555
79032947427
79686876621
79264226234
74991224437
79671039374
74953429117
79154369498
79036177723
79637174078
79295251062
79253147840
79168226740
79057866109
79859740711
79250210070
74953434043
79161484781
79778320174
79255146556
79261880144
79269503158
79255006385
79163170184
79166190807
79035048915
79037805687
79671579763
79039650275
79154810104
79647937235
74957129508
79175483443
79166035394
74955923589
79169232529
74953071560
79852507802
79030046030
79030037793
79775194763
79036878040
79037826872
74957131647
79214567676
79104435263
79099725386
79031078917
79853370012
79169634341
79263322223
79261050088
74992610422
74992321990
79197847003
74953417672
79032177711
74953415765
79999004122
79031408848
79252274911
79169006667
74953464523
79263211313
79168067976
79652929774
74953224192
79055245046
79036123192
74957178027
79154875759
79852277579
79031582831
74991299503
79852308417
79169651405
79262657015
74953958758
79169624176
74953197873
79067111464
79688983456
79680931195
79032329779
74992326007
79250106747
79153296910
79680898861
79653303113
74956592142
74957188888
79167173651
79104229589
79778974076
74953268116
79990990217
74954474290
79263581967
79162930183
79262150358
79267203040
79653704906
79165058451
74953954569
74987201913
79037089090
74953527056
74957152177
79031685802
74953595230
74964493622
79035266879
79037136049
79030124430
79057448901
74953962801
74951944760
74953975201
79035985170
79671502299
79164509998
79251316817
79031955324
79030107647
74953537682
79163215676
79653979977
79175095841
74955523958
79257419812
79856044972
74957130095
74953512488
74953407613
79852578875
79151487118
79151810118
79685968740
79055488112
79262209116
79164132227
74956773815
79055377641
79299103116
79175818460
79160806887
79773201712
79533380409
79257039164
74953447342
79255067752
74997501372
74992324971
79152957048
79161708169
79250305153
79168398536
79224462890
74996131891
79104037760
74843977768
74953410652
74997410389
79164197324
79060559121
79261132003
79773277025
79104404565
74999207883
79037209012
74993203565
79168338569
79161511729
74997431979
79629910088
74953487946
79055339618
79857826581
79032337529
74953437506
79605654914
79055715379
79162708672
74955497520
79268921528
79774873550
79161139286
79670122150
79153174919
79162524734
74953405465
79166913077
74953505556
79153547563
79265634380
79654327337
74953199556
79653153203
74957885682
74957923940
79031912429
74953420856
79161175761
79262466315
79175671072
74952233332
74991729441
79651374980
79859825211
79265531596
79257643319
79035006253
79032383518
79167251465
74953951014
79647100402
74995536217
79151231604
79859970678
79160903219
79096225890
79161372070
74956682610
74986572609
79269552695
79672156707
79253761525
74959135714
79161414027
74953427949
79857734917
74955804842
79266538401
74959806010
79689359734
74991985649
74993740072
79099930303
79096994031
74957396700
79153277788
74956489999
79099817952
74954839854
79263641413
79169226978
79037968979
79261982999
74957793600
74956682228
74957793611
79099226400
79255554010
79168890439
74957253199
79162012920
74953631771
79166883673
79165828782
79262293079
74953407934
79858202800
74957793800
79057782918
79999898337
79858888829
74967633843
74991737133
74953536317
79852231416
79036661946
79161386024
74992350627
79167346211
74959479778
74959957851
79854770050
79152560150
79031396303
74953953237
74953014051
79261087766
79686095151
74953536750
79152223267
79299241794
79859236123
79037687727
74953426043
79296397536
79265334590
79096396791
79775257747
79096292542
79253847195
74967558599
79032497615
79637231884
79629540999
79670183609
74997215723
79166558665
74953168129
79263077781
74956545677
79263822264
79265220826
79057847576
79854574350
79629449672
79254510557
79104800883
79035913394
79031816292
79037782568
74953116170
74953400980
79857375014
79629696338
74957428546
79261491868
79161645152
74953897879
74957123070
79037905528
79637115347
74997429997
79250649799
79032642992
79096400267
79169166124
79264886777
74953423663
74953456779
79197640218
79296546574
79154987015
79161667232
79164330603
74956589617
79035581142
79775116200
79163329455
74956794529
79055811910
79275324089
79687685263
74953952105
79067695956
79160058455
74992621918
74953481016
74955437226
79265595680
79057357594
79150454522
74987317231
79995220787
74957059401
74953400828
79096622185
79037862416
74967568403
79067959525
79166158567
74992613350
74956676186
79150738560
74999032612
79166293212
79037904453
79104505492
79671172695
79852864511
79856329188
74991796014
79859999203
79011837772
74952807750
79629991000
79850547373
79263035911
79031828059
74956558628
79104451129
79255856294
79853328907
79167569990
79167711234
74953972752
79060360256
74991946413
79035127122
74959899781
79265722558
79162646679
79104052058
74991293301
79269530950
79264903950
79854545561
79037603444
79055175226
74953929935
79265397156
79168062975
74996770399
79268551035
79151101403
79266565687
74953418992
74956740732
74959418020
79672759215
79652070007
79163959556
79162372870
74953440335
79854371644
79250067270
79777024556
79163100346
74992711340
79771376635
79686511864
79680595438
79169368146
74993568297
79036192221
79151949548
79684046401
79154962141
74967556546
74997221267
79855124856
79269017984
79265453299
74954431223
79261800549
79651074002
79060873242
79652244839
79037298945
79639299194
79169611663
79779816011
79261444016
79175189246
79250241719
79858254877
74992323107
79031762774
79852757667
79775649709
79031476580
74991240458
79852331035
74993560910
79262325769
79266434777
74956193823
79852335216
79296630677
79037182517
79057820678
74996510573
79295468477
79099069965
79017110818
79037727475
74957169855
74953122677
79099392541
79269068470
74996132140
79039624477
74953428291
79857681370
74953420930
79037298337
79036635988
79154254646
74953958776
79031074768
74957480455
74959961051
79780170604
74957835959
79261076917
79295879744
74989175596
79175558968
74959860283
79031831441
79260947880
79163329433
79269068165
79773418983
79037071814
79166287957
74957169724
74994938956
74992340185
74992344724
79057813620
74992712501
79162373919
79161272825
74953537327
74959928318
74992343212
74959830000
79163387346
79663874874
79670553949
79150056416
79778700790
79154015303
79032700074
74955648862
74952325880
74958173000
79266500402
79778071660
74991827537
79055983540
74952238680
74959809571
79686704342
74956032161
79851548366
74956639123
74952211050
79035757519
79166403878
79197715743
74993560989
79629349889
79167010109
79035355005
79164234842
74993179752
74953710822
79153063875
79254682204
79035520182
79250424250
74992350668
74952295783
74956814705
74956793146
79057530753
79254459278
79152517743
74872312832
79166001065
79208949698
79161693669
79651482223
74996165450
79163329498
79251267672
74953426029
74993579266
79645024637
74956941017
79164261717
79296342820
74953417974
74957801240
74957358755
74953224775
74953440941
74953122325
79254312311
79104696735
74997445855
79166312908
79166578172
79017948058
74953445625
79260982444
74999404409
79104020774
79175768595
79261644629
79853337900
79162315388
74955586248
79641589999
79266290580
79262555860
79261711452
79067577538
74953584500
79185468725
79031025366
79161827778
79164436291
79629439340
79647138805
79199661724
79264942133
79167360346
79035872455
79104145830
79639618931
79859861014
79264034801
79035441177
79197644084
74953974479
79268428622
79684167024
74955492735
79252219092
79164785497
79169453687
79165434700
79265332674
79031461525
79160269199
79099470906
79055878113
79099486933
79160602505
79261284713
79257665038
74953979745
79262463597
79099423232
79851731850
74954905941
79057300201
79161050716
74956765733
79997977896
74953593266
79166523745
79037004463
79165469722
79151273447
74953404049
79263238689
79773101821
79199941554
74956465665
79859982124
79853878543
79166038451
74959344036
79067865340
74953427244
74956556756
79164522200
74993235575
74953400643
79161539096
79258439853
79165912763
79255421074
74992711125
79857744193
79166390178
79175646667
79036847115
79202820352
79262275380
79268881161
79259434241
79255298669
74997423633
79267990446
79296540183
79036254041
79166418689
74993244037
79299437742
74993574172
79636399519
74953407272
79267606979
74953508419
74953745539
79037241067
74967651357
79163261968
79150864337
74995508002
74956747119
79779280208
79166320986
79167156072
79166815634
79017046168
74991108110
79853060758
79645759107
74967627013
79154276121
74992323764
79104009406
79030014949
74953411565
79057844388
79296010315
79168739429
79647667766
79997115193
79252974437
74956816293
79165960303
79197269314
79166595260
74999077520
79060410916
79265877528
74991101435
74953402465
79031098850
79031555225
79161553744
79032454341
79166927764
79777408241
74953414946
74953586624
79859758986
79164120021
79165996143
79252764256
79150627156
79295054025
79262218332
79032733904
74953444456
79037578719
79151234353
79096596169
79163506388
79035980497
79267044867
79152496161
74952077548
79166173410
79164332687
74953492011
79688080850
74991383720
74953091911
79686563387
79060756408
79091533019
79267199541
79255203572
79264372934
74953466271
79266018663
74987421582
74953770061
74958417474
79163166964
79268183922
79055654938
79175103506
79099668923
79169187236
79854336616
79262339666
74956721432
74993230102
74991211832
79032886978
79856993332
79683583261
79853839958
79175103505
74953681385
79653756636
74991975735
79859776938
74991880050
79639600347
74959584625
79266430257
79253159595
79857744538
79264490585
79260076076
79167822072
74957146821
74953138832
79060970308
79057724320
74956480111
74953745173
79854598545
79057051078
79035679790
79163627123
79778610929
74953496566
79150643265
79859225501
79169417774
79166625889
79647010236
79265478580
74953228679
79778649158
74997058974
79175267272
79254672786
79854482775
74953410353
79299917882
74953419574
79253729479
79164972473
74953472284
79015467406
79032155286
79161807718
79162198200
79265612709
74957979500
79851328812
79030198866
79268160860
79250432270
79263695269
74997393303
79035394724
79154050583
79774973382
79660533305
74986574688
79257443144
79684043878
79265677328
79164791892
79161459723
74992580200
74956250428
79671304664
79262849609
79168101555
79164584366
79265320451
79037946577
79055208035
79265921580
79264439721
79268960798
79161958380
79652632464
74956904093
74956588939
79854580138
79854543171
79266785728
79057243227
79261555515
79859093577
79165098758
79637507298
74953470905
79856909369
74957182503
79162848325
79265940795
79163668979
74953221353
79263832255
74953549169
74956064393
79032561736
79037922186
79267999343
79296839370
79261132261
74953272928
79653968511
74953466046
79263848934
74994803729
79150179242
79167881795
79687111315
74991914158
79672593439
79164294514
74959330832
79253763925
79161946525
79154567567
79629114227
79296653608
74953990865
79161715457
74957799592
74953451637
74953419888
79037267929
79859972616
79067979688
74958670163
79037753836
74991769916
74989175427
79099068061
79169069870
74953406535
79265571232
79036128472
79033637552
79263901237
79099064259
79263640194
79035737109
79160698609
79269990492
74953688077
79266679469
79652667716
79017501470
79651322606
74955929639
79164498789
79263157353
74953120736
