79671777774
79067853248
79645851177
79299905871
79258455583
74953455750
79060593119
79269700923
79032093484
79261030747
74955930515
79165384045
79684889740
79605895191
74991314509
79778312445
79268309219
79251754603
74959700540
74953418310
79261467197
79269116288
79998587194
74957483033
79773392504
74956881651
79265332368
74959178245
79057283208
79774293313
79998970527
79057403652
79851614701
79299959553
74952255123
79099132743
74996170950
79262187495
74957392140
79162064709
79857247997
79037902388
79173271744
79260267637
79163305243
74957893040
79104882255
79167066939
79636226920
74951090505
79060487303
79151909153
74956592558
79166338207
79164909197
79057644791
74992621918
74997426297
74953313933
79104604617
79104127872
74994498130
74953409672
79166937894
74991259780
74953948144
79167958463
79262463597
74953403187
79774184406
74957923097
79264079326
74953919538
74997440511
79685334075
74953404991
74995018399
79169708361
79685354974
74953415372
79269145471
79687164455
74957015180
74992623243
79167127725
79161223333
74953982356
74953453426
74953425147
79637507298
79251043175
79773340533
79038177567
74991224046
79252220054
79651150930
79160803022
79268295271
79032219097
79161940977
79253584838
79035930044
74983017525
74997434488
79037334842
74957846284
79067669873
74953906888
74997024403
74995178855
79015782704
79163651709
79671304090
79169608354
79036815756
79254946460
79035475210
79175152577
74953492135
74953417002
79059526578
79015125972
79265582050
79166533056
79853190338
74959267309
79161760813
79035422936
79269691448
74959891249
79266215521
79163047556
79067851585
74957973585
74953920184
79165188311
79160766206
74954503322
74991235368
74956682611
74997366052
79099033292
79067855794
74957847313
79629991000
79776729141
79661308353
79776175160
74951345406
79035750070
74957799466
79166779277
79164451065
74956544086
79663705785
79268688805
79152410080
79151152665
74956793996
74956602442
79255045411
79037321790
79165663773
79168561525
79857734917
79255070153
74991793910
79264642771
79160761517
79167234444
79151035451
79269173884
79175359288
74955361158
79629710815
74965733162
79161794606
79663870387
79151701864
74993246863
74952231027
74992711340
79859829689
79251951123
79167691821
79268470880
79854298999
74993738320
79261000009
79670087311
79859074672
79099749902
74959963094
79776288412
79264374074
74992323695
79299102334
79265393066
79164435447
74959890511
79269140225
74953126682
79775310251
79636791149
79091664483
74993577518
79035436439
79036757686
79216538663
74956890952
79099929195
79035642132
74953409295
74957111759
79266100052
79067146560
79175350062
74996137908
79651014027
79257871787
79776512685
79032299942
79253431828
79269665429
79151678029
79256376231
74997227314
79852242878
79035080018
79154500000
74992500572
79161871792
79255094426
79039612820
74953444456
79166224877
79036226522
79162658011
79163122578
79268770270
79164779265
79166595260
79857294646
79015190951
74953296892
74959508070
74953486560
74996171464
74997426381
79035914918
74956108920
79262105740
79032056988
79254957313
79267686812
74953528845
74993248649
79166141292
79269106335
79165425141
74956171366
79651469979
79154710561
74956041055
74997550137
79267797337
79153791108
74953417408
74956323808
79197264683
74953425221
79057742845
79253171630
74955986516
74953588204
79859917777
79262541394
79265301342
74956741396
74953632286
79777138858
79162487395
74956200863
79261384658
74997443479
74951505558
79164629248
79197240419
74956587886
74953416251
79162439415
74956414292
79852694108
79035283855
79104463077
79262043027
79262652075
74952215998
79199627736
74992323216
79035791636
79680306609
74967641022
79153367303
79057618057
74953533641
79035812225
74993568653
79031971114
74954035131
79031516602
79265263836
79859585578
79151416507
79104455101
79207924602
79852874540
74957979500
79265886744
79250707500
79161303535
79154962141
79265384924
79637175059
79254242299
74959252041
74953422987
79161753042
79778036050
74953961167
79851043840
79629544343
79164446849
74956603045
79166576858
79779673039
79260955925
79057623977
79167779901
79671782077
79151930646
74995508002
74957852990
79055956239
79165086033
79163577684
74953479766
79152483603
79057811302
74957055108
79262674435
79017464550
79266967971
74959099160
74956376300
79166157774
74994976841
79168727511
79057660302
79853149121
74956981728
79851276743
79265597597
79161923350
79060510009
79684088577
74953998703
79104346682
79645728684
79161233391
79161234433
79683819794
74956518195
74953655851
79164447712
74953630636
79165095079
74956591648
79264519098
79265672101
79263820547
74952216526
74953422688
79266906635
79057223929
79096769545
79151121231
79250767937
79036663094
79166257892
79263734132
74955525903
74952807271
79774238583
74953424414
79165816114
74954742626
79262814146
79256127326
79264927659
79036105257
79152916550
74953957083
74953411595
79167776868
74953429817
79099633666
79998210613
79854358017
79051050066
79036165411
79264789689
79261771721
79162622282
74953599721
74953949494
79104295093
79660870987
79037197608
79164735862
79267837387
74953161226
74953971592
74953840355
74953508419
79067727577
79265733058
79163907792
79651756166
79162633346
79296775642
74959185227
79031753595
79689569524
79263327179
79037846785
79689400787
79032482687
79166646021
74992323486
79629054939
74956571415
79671825251
79774394211
79672372777
79629192226
79672498661
79036285686
74992598825
79265882020
79168115279
79163197155
74953516975
79032050791
79856920899
74956884233
74996508572
79163604812
79266128850
79202758316
79164033878
79057176078
74959673443
74953406884
79067280911
74991272132
79067284037
79265794487
74958408917
79151958755
74953404153
79639254545
79269529210
79652947711
74957128735
74953779918
79099209007
79035114528
79265349903
79197773272
79162998277
79645552251
74993572836
79099404969
79629765535
79688529383
79166431989
74959321975
79175001720
79636512292
79637638835
74953421801
79160714044
74958671807
79267755787
74953419352
74958672129
79104813234
79296259323
79671546761
79032534010
79264079926
79262475985
74991245604
79268439762
79096506886
74956592497
74953143002
74959954820
79850558989
79055753110
79167197379
79153660546
74952584534
74953915046
79037538837
79055338121
79166869109
79168281536
74995000005
79777571702
79164695762
79153600690
74952322444
74953486640
78125787997
74955056118
79037101631
79857573467
79265602036
74956074868
74957817020
74996148238
79057861211
74953943357
79166377756
79037111117
79268750500
74996146935
79192687047
74993503784
79067980269
79035606036
79629137909
74952329446
79852012152
79261790968
74957756609
79857664414
74991726697
74996089270
79260952111
74953446802
79631010242
79267238193
74951080229
79164326640
79255628240
74956237349
79776951996
74953506073
74993561542
79263998576
79032456365
74953954851
74953143800
79856433963
74992324387
79099976946
74996084778
79295010388
79163051211
79299607369
79154999887
79671291323
79152229602
79672787634
79162602492
79067252799
79015121662
79031644209
79623630532
74959611304
79161339148
79057827372
79687113308
79032605407
79262754521
74956504889
79269102133
79165519064
74953791789
79161549020
79261057188
79772727217
79163333395
79055486591
79256652889
79262180212
79652795384
79859381289
79190316435
79165207095
79263493030
74953422028
79164230203
74953228627
79162773338
79164541479
79165061177
79035905116
79160128174
79260205356
79265419328
74953964576
74953421104
79852206343
79031126982
79152139542
79163645601
74953426776
79168021332
79268435544
79197730293
79168736888
79104391292
79299443457
79255079881
79265443454
79999705857
79637176116
79175126296
74996112686
79163353288
79169271002
79154722374
79250766673
79263413114
79853635725
74954403064
74959115015
79258595030
74953434043
79166847247
79680824621
79067612387
79031391781
79266683686
79067213218
74957112252
79206426445
79262215171
74953220523
79168563042
74953405290
74953498496
79255076665
79262060283
79252718882
79166123928
74953421807
79032733431
79096429236
74953442921
74953492517
79258443635
79261505531
79160113374
79099923812
74953421746
79169821736
74953412017
79858791430
79261542149
74953937811
74953510039
79266575686
79153901696
79167413132
79152253202
79262639877
79262641900
79169879190
79299631970
74954956417
79039769134
79154276121
79859883767
79168008146
79269138607
74956570794
79164689520
79852496640
74957148277
79855045865
79859698297
74953428785
79250101407
79165679597
79161322080
74953950434
79629327070
79641474444
79269327070
79266837664
74953955473
79652930676
79154323741
79255675312
79645017707
79690510649
74957188888
79055898274
79152750694
79265356453
74953280486
79037924428
79262046826
79645170001
79055818646
74997221971
79999706313
79645532418
79152084121
74953475905
74953555180
79251893514
79039633297
74997282361
79637828488
79264648246
79160306208
79671372827
79685333484
79057039804
79035429348
74956322390
79267990109
79169579360
79096746121
74967530078
74953941644
79154913822
79263791841
79067246631
79031085587
79161852593
74993577895
79646414804
79099107737
79104777679
74953455909
79688696991
79670364415
79262175264
79163333432
79772557174
79055306424
79057771733
79060399937
79165902256
79263622300
74953997480
79269503158
79154842680
79267067355
79166714335
79161223688
79680698165
79164639793
79645281395
79057078627
79859123440
79154024124
79057559768
79164339393
79168202001
74997440701
79859975091
74994810115
79165277215
79163310921
74956585587
79166005359
79104861552
79253210533
79168086754
74953599984
79035093420
79672093322
79851415351
79104083651
74953214151
79641679393
79258692255
74956544127
79651707148
79161715457
79654307869
79031598340
79778807714
74953442939
79775171496
74953997426
74953922814
79031175719
79265902665
79104677582
74953544737
79035775263
79773230021
79067159423
74953405138
79160537151
74953755915
79262947600
79057130286
79031195664
79037129551
74953065614
79153642545
79686511864
79162185423
74967694872
79164079174
74967642764
74994783995
79035200395
79254617069
74953954640
79161504597
79263021233
74993577469
74953466093
74956719456
79164312762
79175589928
79162798853
74953498663
79255142989
74953418459
74957129508
79852227202
79152388344
79162071517
79661671523
79037348779
79175506038
79057310075
79166443605
79161131394
74953190454
74991238428
74953407503
79853885522
79055372565
74997253458
79168086340
79161610016
79256647727
79152326294
74953412213
79099873011
79263134156
74953412795
79151294928
74997212342
74955590331
74953421421
79168008901
74953442512
79639656673
79036839805
79639692392
79266331349
79032740681
79266290580
74953258003
79266531946
79162368447
74997826186
79166305265
79262201412
79150113377
79263542824
79057678686
79091640451
79150627156
79037433040
79164384242
79162586571
79175724537
79264467624
79687688580
79265748377
79854136095
79035214061
79096534147
79100833332
74956009148
79166636313
79652468276
79265624868
79268210694
79035918230
79162189359
74952873085
79031012628
74953426291
79260705932
79150442298
74953587727
79684898308
74999462423
74953427023
79260090380
79154007994
79197860012
74991783427
79100837562
79037983970
79670443574
74953407240
79166003777
79165246209
79060816081
79996758133
79857860368
79165426968
74953405891
79036754194
79165398336
79035977794
74953541816
74991226503
79167195697
79032571567
74997410806
79169232529
79057513120
79637651662
79859816042
74953413346
79652354155
74953155748
79269089588
74953412987
74953462078
79852239399
79261625814
79096865459
79264378941
79067304060
74953543967
74953965205
79262367030
74997227194
79169399465
79037355412
74959584386
79253035113
79162837070
79055955221
79687647824
79151203012
79261493292
79261979520
74953962684
79167001096
79252759964
79166056600
74985472317
79036649620
79853648182
74956757098
74953445413
79261325647
74991248370
79166034708
79263905640
79163655577
74956013438
74956743297
79265435925
74953775197
79646388043
74953964706
74959125859
79256314414
79772628467
74965411266
79031128695
79688085463
79773416227
79660795577
74953462931
74953418877
79164120379
79162632498
79153337229
74952505845
79637707115
74953802021
79851202940
74732502951
79165438153
74952874241
74991291534
74993566534
79166859190
79035486823
74953948520
79154002573
79265630480
79265595251
74953512125
78452669616
79251555507
79060455575
79262552211
74956479821
79164075358
74967634982
79035051724
79653983436
79161273949
79154501841
79268236237
79257304860
79161222365
74957271014
79154888864
79150073000
79637722759
79035629804
79032263872
79857995880
74996382287
79164716028
79259170902
78123185136
79165970162
74993564387
74997877504
74953423678
79647650290
74957400355
74956728954
79262005765
74992622204
79259194384
79151235730
79260334171
79262302417
79852012847
73912906272
79039691902
74959099868
79623632832
74953693099
74955522660
79163762217
79653157555
79166004528
79096366297
79096739831
79267999343
74997951490
74953269802
79057421435
79252062760
74951187150
74957978664
79251481026
79163680752
74953727435
79169987505
79645724203
79262291746
74956637820
79255062344
74953227934
79160950764
74958172014
74967559413
74953296047
79262752548
74959562936
74952234667
79774904600
74991750075
79645896044
74992323628
79261734119
79152909841
74992323063
74953635018
79261451608
79165724490
79168873626
79251048920
74995305771
79032275194
79265729375
79031025366
79268372347
74956577033
79251726390
79999881319
79262371634
79250309530
79257999609
79099051375
74953979832
79852318381
79263922445
74953941903
79165776119
79035744645
79998591102
74957807575
79295936356
79266042648
79263436176
74953716282
79032032291
79153274852
79166759846
79099328181
79261882041
74956541244
79167477177
79166640990
79262576657
74953414532
79168466402
79999881588
74957799504
74997840646
79168818787
79261358918
79151836505
79169519598
74953937513
79163100077
79629445448
79265775059
79166562765
79165107820
74993561454
74997465879
79262779404
79262092400
79636284113
79037651158
79253233916
74957114466
79637818000
79670606808
79774973382
74953416991
79037865723
74953460092
79150903434
79264115726
79031036126
79150169276
79661308116
79037267464
79163578077
79857636343
74991934292
79858093244
79261290235
79264953664
79055453702
74953603975
79104794493
79037256619
79164155919
74956091800
79652966962
79168765401
74993242414
79164819454
74953513091
79169796196
79099723076
79636397964
79104457148
79036635987
79257585865
79104336708
79162749270
79166702917
78452669689
74986863567
79999281359
79857780253
74957091891
79057888637
79055099091
79166534288
74993575320
79032619050
74956401594
79253238030
79152283819
74991202657
79857666443
79260951725
79262243369
79167104203
79164586238
79162729051
74956450160
79772933721
79164889491
79269037573
74953420672
74953482218
79629642188
74991536266
79153572731
79857671018
74953681149
74953961386
74959817094
79104832501
79037993862
74952236005
79255958380
79859073509
74956039030
74991755447
79104527268
74953513370
79161469477
79055359810
79099227727
74953920725
74992350668
79037887076
79169151404
74956063554
74953554989
74991549703
74953960697
74953423254
79055811910
79852269545
78452377703
74954814955
79857046696
74996147582
74999735052
79037860204
74953940145
79091681414
78452669698
74999080584
79261936088
79035423842
79259220949
74956943868
74953968186
79653011424
79166269513
79165548341
79037079819
79167948464
79166841747
74953445608
79250989028
79037624065
79031118157
79641318525
79859047436
74953282217
74954191708
74991915167
74993234037
79652349777
79152037090
74992324467
79854306560
79680301544
79035858461
79166912467
79175599945
79267282658
74959871892
74953421753
79036118952
79197254823
74955892979
79030036924
79151255347
74991720605
79672410346
74953264154
79800000620
79165193726
79060391460
74953470949
74996087807
79037579222
74951941828
74954377597
74991732671
74956588131
79264288238
79099334942
79859788530
74953413470
79851762159
74957170616
74953436464
79096939028
74953521103
79857605599
79032422662
79161540892
74991791735
79854809883
79060834915
79032556825
79152753535
74957324188
79035387658
79266588826
74953994348
79269450277
74996530128
79651783090
79661552142
79264382395
79263827633
79163575306
79060375321
79653293735
79169796128
79037699696
79161346355
79999218631
79031233226
79268109948
74953423090
79168473562
79030107521
74992617083
79258554518
79260450854
74957813537
74953348849
79104658387
74953250831
74957187271
79031960113
74953420781
79255185932
74955437272
79853560068
74953423975
79636905095
79852981155
79152443458
79092578220
79654237378
79637867548
79775180861
74953444204
74952585102
79687253514
79671925275
74955499165
74992763115
79663574648
79165906253
79096538004
79175329021
74956636126
79039778285
74956800033
74952344260
79032215403
74992322019
79036122961
74953458911
79164036047
79152252565
79253798378
74953582516
74957878552
79854862785
74953460273
79057782150
74957256961
74953168129
74953454991
79686271478
74997431979
74996665307
79262245691
79267090999
79266134155
79266414722
79153000164
79250774456
74952215320
79636158763
79265224622
74957757661
79031019335
79055903614
79250525914
79039779111
79032942244
79067356383
79857646373
79269178853
79035031737
74953408573
79175950404
74957774050
79672159298
79265378081
79268946599
79168613146
79653472563
79262367813
79684761515
79167197145
79104880023
79055502999
79037351109
79031156060
79037158885
79778110059
79261511093
79152626445
79153005744
79250745729
74957815335
74956493488
79260782334
74957140941
74953989056
79661662387
74958033568
79163512611
79169624161
79017802605
79647948711
74954204536
74956993067
79256359067
79150675854
79017991500
79164802271
74953131473
79096928322
79263753684
74953446212
79853371456
79168724390
79265571232
79160833167
74959347456
74953904492
79166407473
79772734245
79264600283
79169233121
79161254246
79055568882
74992322687
79629929259
79037128531
74953964233
79260972620
79266056830
74953465845
79264121340
79055558635
79263305405
79299975405
74953456779
79165320789
79160077608
79037631407
79265217791
79167024941
74953409145
74956586766
79267770910
74953493903
74953476071
79252777622
79636707622
79175639205
79166011576
74991449798
79629870987
79191057373
79257250595
79262622926
79099117018
79671711215
74992704870
79168222131
79779678257
74956639123
74953441652
79660482112
79067219364
79165454187
79166199605
79163532881
79262314800
79263697915
79263346461
74957757900
79066296761
79263815910
79031887417
79250877041
74956482949
74996172390
74952258010
79164061710
79031641501
74956804329
79037299147
79168886275
79263139579
79255060442
79165218712
79653301253
79057517990
79168766000
79055642087
74957813550
79169773519
79152862163
79163344809
79269814330
79250429716
79091528133
79197698092
79268900016
79685151075
74993247857
79663284648
74956352500
79032101382
74996145161
79262173213
74953195785
79299259619
79162918587
74993247217
74912779678
79269965465
74956593954
79777310408
79166305003
79060326316
74965698613
74956440785
79252372118
79636596741
79032679526
79166280882
79039652748
79169251366
74956570945
79197789000
79295070156
74953693301
79269492623
79998325214
79191016790
74115421279
79150508939
74953123039
79067730779
79269800419
79037955904
79165666706
79163683077
74997258741
79163906095
74952582165
79260451713
79258094880
79104125128
79032511376
79299854737
74992321980
79647255058
79191006565
79250019910
79262129934
74953876958
79175364599
74958007803
79671706776
74959891401
74956275211
74997453781
74951337249
79685341050
79057814470
79022780108
79217215792
79162118262
79689415051
79057647989
74956601661
79998679272
79036891268
79168615927
79227132090
79999857030
79167122445
79252044013
79651652340
79257721537
79099387955
79166001065
79263936331
74953106028
79031584600
79165011453
79100873000
79031661555
74956791320
74992150901
79268928029
79779708977
79166197885
74986614005
79060552525
79153270206
79653057323
74992322967
79154064590
79266188721
79857412579
79161943373
79169334768
79296774488
79264512378
74992325194
74957129269
79150451727
79266029808
74953470721
79153145145
74957187372
79269057696
79262782037
79162214695
79257443834
79258039196
79266242288
79165525142
79161248836
74997634298
74991280797
79166666021
79169220732
74992412272
79686814227
74997097462
79262731707
74953476775
79035028545
74953415782
79999786251
79035799999
74955805617
74953996957
79104907371
79661401757
79267041205
74953556971
74953403640
79015930458
79175023105
74957455565
74953945638
74953416474
79032179719
74993081991
74953910896
79998101845
74953473909
74992343870
74994033531
79268999496
74957978048
79262353366
79169540316
74956935197
79035207442
79250661005
79851144608
79299009598
74953599991
74985059618
74952217363
79060577130
74956964926
79680568971
79057180524
79164809044
74953472859
79035521419
74957836360
74953405903
79036600825
74991628449
79164115441
79684441257
79686054499
79773151457
74953994131
79166366239
79165180911
79199662411
79057455144
79099167441
79037491371
74957059200
79166399999
79857757503
79163056078
74996526000
74953791336
79031772144
74953972667
79269141439
79265993202
79161119112
74996495566
79168426745
79645691322
74993577352
79169122019
79055653454
74953504154
79067674684
74992422785
74957441150
74992772559
74959661020
79253300525
74991246415
79683630986
74955590317
74953541080
79169034672
79855502494
79629489436
79652777060
79250590470
74957099207
79067456463
79265970491
79267643886
74956790236
79772614382
79647605991
79680087606
79260476555
74953411883
79615804676
74954406697
79031445909
79163101656
79252257691
79647010236
79661301005
74993205170
74953417131
79152681525
74959965583
79260230299
79055673022
79851757914
79162451297
79162197191
79268848945
79686586567
79175888177
79037225451
79263086332
74953424072
74953407269
79152792007
79060733458
79163466639
79266087040
79163738964
79166768168
79262132416
79269990492
79164500173
79269824657
79774464931
74956761518
79165044060
79099117474
74997249530
74953486564
79999170678
79057514856
79265676615
79151386525
79263959325
74953210723
79651535334
79162458362
79295366757
79256175552
74992323262
79162252050
79168000455
79104935127
74953436019
79104875709
79055971720
74953989068
79262230401
74953973176
79067286568
79175877070
74957519322
79687879256
79165636873
79037801418
79629095411
79035881112
79255705074
79661951532
79253774350
79162824701
79636775129
74958679001
74953411843
74997309345
79055310479
79161851922
79262305171
79067874143
79163535533
74953428303
74953342712
79851357285
74955516405
79250942834
74953936121
74958673744
79154255455
79175634411
79259055336
79263572211
79164760017
79671373795
79265268430
79169275172
79851861868
79265743337
79028862595
74953219538
79037601594
79032744416
79269182511
79151331759
74957122727
74957110648
79264000600
74956543007
79035137837
79264107762
79104177563
74997429997
79197244546
79161750706
74959167348
79154384946
79162488537
79035455263
79067003070
74953953395
79161461096
79266802625
79161510319
74991221016
79268844001
79857670211
79775125165
79163634419
79057367042
79160136494
79161714668
79660144188
79250739575
79168103381
79262309176
74953409284
79854179993
79162810657
79038266688
79096994031
79253236999
79687092219
79151387370
79653328460
79151244988
74985057147
79265311701
79163224031
79261549080
74957127537
79035663800
79154009564
79857733150
79151307316
74953989205
79969742169
79104474856
79772753723
79168734021
79670963575
79857349531
74953401727
74953405520
79037119356
74953410793
79163530736
74953409306
79859572786
79017050393
74953595387
79037595578
79253309788
79164002131
79167927967
79685810442
79263497525
79057159215
79096719288
79151234353
79164592406
79629431499
79267122029
79261617442
79636651666
74953879254
79854428873
79683288811
79776626424
79104780832
79262232912
79635581271
79629545757
74955492360
79266430257
79055990084
79295896466
79268407157
79096881743
79165835976
74956558455
79261522123
79299959442
79853656256
79265532892
74954334503
79651469047
79999922360
74956541676
79852260077
79260750555
79164370618
79262211629
79055306261
79168123165
79162077847
79084687471
74957003434
79268558554
79160762078
79031367393
79645617259
79166751887
79777149535
79031299398
79261756902
79055579229
79168147098
79164833038
79629073333
74953877536
79104078437
79653695157
79096865566
79104250277
79169136927
74953984613
74954911924
79261205138
79104264653
79670567888
79687911384
79162016441
74993697737
74985404310
79032913080
79037569957
79250918904
79160642011
74953413291
79035394724
79265815981
74953930834
79057948664
74992320764
79261727747
79263176993
79104179387
79037722122
74953219709
79265753139
79197771335
79253682450
79685462247
79109189455
74953939940
79165744418
79162415190
79160893897
74991799055
79257774990
79263705746
79035568315
74955516441
79060515524
79165642271
74999066463
79161270215
74983028680
79852079157
79165310334
79296617317
79296379294
79262314112
79671207787
74992343356
79164839325
79263416818
79855211711
79152589777
79264694600
74958673118
79057355151
79157125001
74954829895
79653373763
79168330394
79154663695
79165825023
79161885364
74953215698
79851649998
79265382511
79161092873
79636529167
79099544648
79168541426
79152174503
79266777346
79162601579
79055422489
74956559901
79163540425
79067884857
79262568825
74953488079
79263531988
79629279067
74996665249
74953464139
79104655905
79629003313
79031507487
79057260917
79268491288
79265900629
79267817670
79157805758
79031101195
79152356763
79150358388
79032499343
79263546415
79032435328
74997966124
79031778280
79169551855
79629987878
74957798364
79266515474
79091584295
79150405775
79167136362
79037247720
79652034248
79152767473
79168741344
79255419139
79035888078
79685540006
74955492173
79104329157
74953975474
74956546620
79152333390
74957534470
79166412003
79152610968
79152393887
74953439340
74997435623
79166426508
74953342303
79998441969
79652670395
79851261341
79267359883
79261132345
79685116152
79774239456
79065630730
79037753836
79268426262
79263599461
79166826037
74953974368
79100136033
79262450112
79850343313
79175999806
79165649811
79096954692
79150608778
79104088906
74996161462
74993576288
79250004292
74991771623
79161201623
74956208101
79269998515
79035258588
79169932689
79199659181
74953338080
79611245025
79163914302
74991650005
79031317401
79036217017
79057335665
79224105015
74997231022
79259085258
74952323211
79851348701
74959098217
74959459183
79161615833
79057724299
79053900437
79163359916
74957025223
74953921193
79099521568
74959891821
79250946949
74984811442
79163303002
79169318641
74991930047
79263060115
79104332573
74953223660
79859912611
74991740641
79104060111
79253777256
74996183281
79263209237
79060360256
79163105858
79104228257
79096899916
74957095192
74959897747
79154017494
74953466724
79998009353
74951234780
79855112933
79629990304
79152789822
79165003852
74992632947
79031162942
74956480790
79031431782
74991577163
79257297923
79032781351
79039627771
79258271196
74991345428
78123187497
79036372023
79166789988
79167155319
79151034544
74959331558
79267178851
79772753667
79160140737
74956784135
79257403836
74991480417
79296992998
79035995454
79654044466
74997828583
79031093289
79264990766
79151435878
74953448768
74956623373
79057507830
74996491969
74956204796
79164053905
79160545646
79163335761
79267044231
74953415079
74955453786
79639683990
79266367053
79030037793
79175025594
79037946577
79164720663
79265900132
74953553566
74996628812
79031743250
74957252724
79651409063
74992451146
79096859049
79163269395
79166770063
74955149573
79647993711
79096223663
79169190091
74956091036
74958671497
74956082515
79150416122
79773396846
79263332064
74953967186
74959335848
74956798424
79266034862
79152039931
74953875373
74996156032
79268005112
74997550050
79773263315
79032667151
74957301997
74956631618
74997451703
74953429149
79265609519
79165015106
74992324571
74959564175
74953413176
79035159730
74953293097
74956580120
79175651371
79663289135
79055303762
79661520535
79166153869
79055425600
79264786983
74953456858
79261044127
79671488783
74991797846
74991780567
79645193329
79250807444
79067094793
74993736674
79165876859
79859520545
79165366711
79035455616
79775010955
74953961764
79055914193
74953435234
74953941905
74999231223
74991765711
79031374822
74996138735
79154823109
74993753438
79163740969
74953419968
79671903927
79853868580
74952216921
79776185155
79162851797
79201930523
79261652174
79032506959
74953944517
79774922672
79265371155
74953909507
79067098663
74959210272
79296114881
79652083748
79168321119
79169353398
74955792433
74997501738
74953035732
74953419951
74957809690
74956557058
79057737881
74953169444
79999790372
79857287415
79166723889
74953418483
74953380540
79031831441
79104146192
79265810546
79031824913
79258451900
74954223504
74957300201
74999403282
79774403713
79015467406
79162775856
74957396700
79857752710
74953470970
79684583315
79268767314
79636992157
79257278333
79637504651
79150426444
79651059995
79258317914
79169172775
74997500140
79853301332
74953221850
79670328237
79166939483
79162416370
79031947610
79167850690
74952830043
74955941650
74992649525
79262908495
79037661458
79165933250
79037270011
74992514984
79165535582
79037946710
79250517659
79161914843
74991443897
79031195597
79671741052
79031006304
79037200071
74991644591
79265902000
79099577711
79031096902
79777296345
79267022009
74959139891
79857763702
79261325288
79165780729
79037712219
79263792749
79263838295
79267991521
79263434616
79153305949
79167444552
79161465331
74953353169
79036191006
79257922892
79162039819
79859206388
79104320680
74991724437
74987204958
79778035079
74953402700
74956790903
79253757617
74953939762
79035442208
79035603641
79295380121
79858934065
79252532323
74991321903
79773419131
79167368088
79857103334
79284427831
74957231001
74953074976
79268887393
74955891178
79067747177
79160726747
79150974692
79265595900
79252662057
79099381398
74862201537
79263055546
79165707578
79032113801
74957156436
79629006376
74991758283
79267011115
79265293056
79032373842
74956098571
79268410440
79639624249
79163837659
79264038353
74957172051
74953127197
74956379464
79262574263
74993173260
79299871951
74996130770
79150337356
79686342027
79260813946
74953437506
74954521650
79037142514
74959577500
79263571919
74956770929
74959944477
79857737467
79252987728
79152065658
74953496566
74953429938
74957729590
79680761296
74953942988
79295074840
79031521711
79269063263
79163205007
79036635988
79684331170
79165539711
79252258249
74957877787
79175632767
74985956855
79031369536
79036125599
79032728262
79161915257
79263709034
74993177548
79036830164
74953720712
79057588884
74955513730
79067259331
79166752070
79099599078
79671124198
79261111723
74953951272
74959661096
79055025060
79099441009
79652688457
79261257755
79165102542
79175232717
79164364551
79267523909
79039609394
74953947455
74957862150
79169925494
79250915060
74953954795
79104024787
79253181898
79261807724
74992323230
79163832391
79164976388
79166036427
79031736952
74991768064
74953412969
79104648285
79262963822
74997820362
79162274089
79060885550
79660420188
79153673713
79031834539
74996167224
79169444391
79651839299
74953474479
79039797369
79096316881
79161526217
79262693419
74953886097
79096904985
77762178800
79636645176
79175501705
79851800693
79031158883
79104647102
79035594574
79651463205
79032097303
79295972297
79250013333
79652183854
74959188029
79169018103
79161054878
79057302442
79099995626
79160774455
79099214237
79169280288
79067736656
79251441111
79163560227
74957111702
79175056419
79031715024
79257500129
79150155651
79255427803
74952873433
79166039626
79057659691
79999707626
74956572428
74958517277
79057860457
79154555375
74992181338
74953412413
79165647769
79773148349
74957059220
79260519440
79268888806
79296307797
74991159335
74953420086
79031830087
79166837638
74953943036
74959212086
79166726297
74956934668
74953493695
74953414871
79037601716
79057877521
79166023564
74957149602
74959887385
79165213041
79154063837
79032261071
74958670390
74957558536
79266669876
74959814571
79660637379
74953219405
79166886571
79850575713
79251739348
79165921193
79163554928
79255173929
79647005260
79672665565
79258804331
79151389608
79031697766
74999432241
79255054102
79689135010
74951145526
79152902829
79035068760
79164267023
79168226740
79267157760
79037242046
79778601709
74872253047
74996829998
79653352266
74959331055
74953126740
79161386024
79057109696
79037415823
79104863110
79269111013
79165020815
79636894069
74991106105
74991436140
74952876100
74991732919
74997483123
74959138813
74999400621
79167090809
79267601575
79772696355
74999400222
79060953444
79262292405
74953450239
79099718963
79857702310
79685531657
79670497284
79672094910
74953291519
79161412777
74955105624
79164229539
74957879291
79261167416
74957412724
79265396915
79647195559
79687947350
79857875104
74999403385
74996188701
74957568821
74956559249
79152439054
79037445594
79167920674
79057928440
74967568403
79165205072
74995803840
79637828095
79197841949
79265298985
79857682838
79032200170
79035035321
79250222781
79104229966
74991321727
79060323976
79104648958
79162132242
79253941614
79266729363
79104543465
79055245531
79168145284
74958673863
74953413516
79104310293
79859787619
79671329997
79036191405
79260921347
79032980207
79036775515
79266329293
74966132436
79152910041
74953504173
79168863122
79035190178
79857642772
79851351907
74953945463
79261132261
79266906130
79261206070
79267359475
79264709045
79039637382
74959564225
79167955402
79999878691
79152419163
74997423633
74953485529
79168145536
74954002246
74951390909
79268189948
74993231309
74959808019
79055431549
74957211957
79853654741
79859983399
79104254012
79209836675
79773427808
74955353249
79651519119
79680179024
79164986316
79255853530
74953473585
74997057286
79999731223
79680898861
79262036420
79104715309
79104271381
74959542292
79160411171
79175897755
79037819361
79772770858
74953959587
79854416550
79259912566
79774442195
79154444545
79262280101
79265367174
79057977276
79689109443
79263190354
74965644816
79169534088
74993222158
79167289089
79175592634
79104037617
79096851529
79166963316
79169171441
74956451555
79857613957
79032333405
74996199964
79637186990
74992452153
79857640882
74872253044
79104147540
74952877232
79060965711
74953155238
79036711845
79168451311
79104190528
79154898223
79779696141
79197655467
79039637740
74957166756
79055928305
79296661204
79153875684
79151274612
79165654086
79269169820
74953407824
79688362945
79859993341
79263898312
79175444809
74953408474
74967580382
74957141809
79264370513
79067577538
74999034455
74953533547
79688569381
79161307285
79153605688
79162180894
79653054884
79154386375
79151419459
79117914241
79295427219
74996650056
79154722382
79260142564
79168826482
79639650083
74952215311
74993563277
79153920092
79166823711
79680385383
74996113967
79683543304
79031182889
79772810390
79651406024
79036660848
79063242817
79686081346
79161567334
74955116839
79854784734
79537399015
79168508519
74955039750
79165898783
79853198409
79250095525
79150528851
74953945330
79250467581
74991157463
79162067982
79161364400
79269605455
79166047611
79258501696
79067036484
74997253604
79035499609
79165258077
79854800046
79261453583
79163825513
79850737119
79250167180
79266348809
74953427170
79162353038
74953917115
79268881735
79160915213
74957190260
79104534912
74954222791
79166276917
79175427042
74953533766
79686074248
79299639400
74957158950
79104595666
74953921194
79096467733
79250698423
74997413031
79162395548
79164470030
79161827778
74997431947
74953423452
79055695968
79166438579
79037665678
79030166092
79629077837
79037766283
79629750893
79060396067
79168399676
74953031632
79161097646
74953278273
79859994484
79031493061
79163566930
79853411041
79161753121
74953404523
79264124525
74953552453
74992321037
79166154161
74955031788
79670788811
79686207700
79856251890
79166828208
79032334334
79257305550
79296428195
79167232310
79166605347
79680261775
74956570957
79037963764
79637103948
79266030123
79031760877
74956589617
79267053019
74993729220
79266821878
79169976217
79251887682
74957166211
79150347291
79851313717
79267816009
79059239901
79263026062
79998395129
79851307187
79160806993
79096270403
79639201229
79165207574
79161258292
79154762249
79771376635
74956774410
79688323246
79273693011
79261615252
74993747773
79165797617
79603720220
79296390870
79057852212
74957375858
79264329909
79686783426
79251932935
79258073840
79689631587
79175683529
74953925792
79166520349
74953405127
79036127762
74953844806
79199692510
74992552207
79166981111
74955518910
79852259329
79055938310
79037775642
79032855734
74987675150
79168526953
74997463194
79166256169
79265556648
74967566125
74957127016
74958671892
79262958897
74956158349
79859810116
79150896326
74953491420
74953426977
79166776094
74953412696
74953426726
79264844242
74956750301
79261031400
79268242240
79670080881
79096993996
79032779084
79032238351
79167992290
74957147158
79636824949
79252992809
79253731600
79100012529
79629129002
79772627286
79154274985
79254232478
79162077649
79262686954
79162177554
79268881161
79167307576
79251570988
74953419280
79251159450
79032477847
74953407639
79263798936
74997974218
74953419370
79169930404
79265856689
74953531503
74957136369
79168001058
79167828233
79104163903
78652566951
79265242879
79161659907
79773735850
79265292134
74953407477
79165733747
74967641633
79104385848
74954954577
74991914158
79057067952
79857765706
79031587781
74953714971
79163030951
79260869226
79031802101
79263287676
79999854889
79039664885
79653805758
79689797202
79166406692
74953946892
79262122265
79166538395
74993577814
79260015136
79778035315
79163330705
79654495353
79858551359
79688872713
74953453260
79636723878
79636552355
79852500999
74993578852
79055917810
74954235897
79264506122
79150259350
79295820374
79032845513
79251620018
79161922233
79688464902
79256663208
79165886657
74953400912
79999043703
79265222783
74955494484
79268861554
79037780404
79299415222
79267310667
74953520931
74959821206
74953484551
79622608970
79262966163
79031248357
74953553190
79166632969
74954117171
79671825051
79197761996
79167098236
79167800591
74992343472
79646449023
79257166065
79166383610
74955557523
74953403876
79252451625
79163503393
79150087501
74959885290
74959944450
79263035911
79161441160
74953990636
79153092996
79262191118
79852494428
79169112839
74954216688
74959746016
79161519441
79161802087
74999236697
74999404550
79057600570
79645062677
74957255925
79264462100
79776185055
79268130551
74954819090
74993562863
74952283184
74958670665
74953410805
74953470704
79206348802
74996156760
79623659009
79253371537
74967924266
79859592763
79160711733
74957146943
79652351206
74953356503
79104053566
79162782251
74999514033
74997231018
79859229243
74953403204
74991799716
79109012811
79653795672
79199945839
74956335792
79651929887
74957829424
74953950415
79263774989
79260306420
74953630532
74959806776
79163938620
74956790796
79167832125
79060878302
74957799265
79999720467
79779663638
79031371506
79168637486
79032330229
74997863842
79167080080
79035346677
79265565565
79165484452
79054001133
74954115311
79035048915
79265658725
74999998000
79856419930
79636801406
74956100466
74956320050
79032251511
74953053097
79855329490
79036133109
74955493925
79263951982
79166749940
79859826050
74956631100
79266000869
74953407039
79161455401
74959944890
79268429445
74953947438
74953415126
79032318985
79067206729
74955899042
79055599718
79175256743
74953986471
79167322233
74953961694
79296488240
79037249465
79036787355
74957771515
79165431445
79164776215
74953401451
74967527946
79250446244
79636528240
79161833183
79162568838
79252085303
79266727221
79165175002
79037257373
79166208653
79775040742
79295481619
79647677000
74992325907
74953545948
74953287478
79262763856
74953998817
79161901404
79104052612
79262358862
79263436624
79253010017
79262220803
79253667434
79263018099
79161749838
79035806499
74953988952
79262066515
79169560977
79099069965
79032702205
79169073331
79261793563
74954166468
79055551285
79055656308
74993231181
79260546587
74953403872
79150615398
79262690184
79163280827
79031047366
79037888560
79197640218
79166921311
79258890099
79099381654
79858351403
79096471950
74953966509
79036677679
79652500616
79859588235
74992325168
79299126401
74953866824
74953479579
79164647284
79852834206
74956601886
79856416899
74952807170
74953984771
74953477223
79037634039
79175299493
74957918335
79636496440
79250029636
74997861490
79168530131
74956914368
79687015099
79258460964
79265992327
74953402357
79262779296
74999099376
74953474748
79856951101
79685054343
74953957806
79653574604
79167898345
79602595867
79031071240
74955056800
79031506962
79260208038
79688633339
79165706013
79166548084
79166034175
74954524036
79197643406
79160230402
79251922674
79060787921
79162248280
74953872109
74872253034
79152864801
74959961051
74953476982
79151583098
79264802618
79161336068
79687956809
74959532925
79165538507
79267135646
79670876578
74956623090
79099907774
74950129863
79067649904
79032495971
74955592771
74952257200
79150812710
79163398330
79260761299
74951397600
79687030119
74954519555
74991218578
79645519257
79859988601
79772606071
74959211550
79104349539
79265455855
79060991734
79067034513
79998407455
79652086999
79645626790
79259238897
79266098752
79252377627
79036750805
74956588940
79858401044
79166961803
74956371265
79257153168
74956782710
79268346737
79164460512
79031002106
74955031670
79161693477
79774973763
79035806511
79037415764
79858167014
79645745533
79166457390
79031243311
74996810387
79859970678
79266865481
79164003827
79267268908
79165151135
79266723694
79154398818
79031218130
79150603892
79154137910
79213874683
79262173389
79651508919
74991336515
79037281228
79295734237
79266200333
79773715124
74953027212
79167295796
79672808229
79151560412
79645611870
79161554918
79067856880
79163584936
74957758770
79037977386
79126861213
74956379440
74957771303
79175553683
79165223760
79851408401
74852773070
74957707150
79260544072
79104567573
79636588864
74957051430
74952878663
74957052578
74999222222
74952130915
79859234412
74957790219
79037994313
74992343115
79265825521
79036660488
79096705149
79160118543
74991470415
79055179033
79777294968
79096728111
79028846488
79685989843
79260920291
74953422288
79266932020
79057900612
79037829452
79256134512
74953936968
74952361147
79998016635
79137750006
74986987190
79167057331
74951059922
79150684056
74957032303
79261284504
79244432032
79091628092
74957759775
79265566977
74993171863
74997943215
79036143687
74957832557
79167156072
79265960903
79296722045
74959806818
79165136302
79257181799
79645811877
79672237450
79199693077
74997412912
74953410452
74991208526
74997324511
79031409080
74953631457
74953400256
79055346677
74956263026
79265795025
74953415031
79260421866
79163068151
74953981927
79265540829
74953429718
79162990972
79167329029
79653677525
79266051390
79653170020
74953422893
79163591744
74956795309
79163255355
79151442010
79057108105
74959569104
79036673304
74957158139
74992322504
79035960804
79032716367
74953417286
74992340904
79037469608
79251003884
79258929323
79153244417
79671777024
74992352926
79036220752
79153026784
74997972270
79166028009
79262223210
79260466975
74997805077
79252453990
79096708697
74742492955
74953426020
74955481505
79296216491
79031579715
79265572348
79037340749
79165133451
79161277382
74993576290
79163130893
79262134272
74993332792
79854631910
79168136525
79688252963
79852220840
79162369236
74953882502
79162403986
74953400461
79257079890
79265670434
74996108767
79295854252
74953253652
79167039029
79778152518
79031201706
79266133130
79857243832
74992325296
79166883673
79154465587
74953688120
79262561972
79652159771
79153067056
79152638854
74957006437
74967571239
79055599499
79169315286
79166086785
79251355379
74953411293
79265979356
79670084767
79774230545
74953538049
79167424072
74986614519
79267582616
79660036508
79161453910
74958672081
79060333222
74959262321
79162012920
79166150597
79160947212
79151412121
79060334313
79099159732
79031052216
79160109434
79645673158
79261910030
74997417489
79629820009
79166018309
79859677704
79166099380
79099889775
79060580873
79269513091
79267084999
79996799895
79653829295
74999015085
79774202278
79772749395
74955441542
79104789722
74996166784
79262705025
79160839686
79057724001
74953989832
79161104263
79035264677
79269107568
79152014277
79253848304
74957169855
74999668414
79857738532
79263475307
79265638302
74953487789
79787612280
79651695000
79260583128
79163483079
79067856029
79037133919
74996142084
79852329333
74953404723
79645806058
74953925505
79168101359
17279026674
79258608569
79265868644
79165491646
79161004819
79859972616
79859947933
79688315333
79260364668
79266614423
375259383017
74957583647
79999861539
79096742675
79165454232
79037344569
79175923587
79775863343
74956790132
79067475404
79152120762
74992343031
79295535343
74992323754
79269058393
74953946173
79197735645
79032771260
79165031182
79256072290
79099993649
74957096992
79151972986
79268229231
79106048873
74992320279
79269265204
74957941747
79160395652
79264589049
79099547193
74992359278
79772696005
79035728786
79262941506
79269889582
79688804696
79685403402
79165871746
79167556006
79109448967
79162641524
79091533019
79057526757
79096855929
79168543815
79253545823
79647253508
74986578806
79167667343
79166382603
79060986547
79154367760
79035852765
79262032106
74993170331
79167395332
79057429907
74953916615
79858248591
79295454053
74992343446
74986830427
79039748821
74953402686
79670882348
79060551433
74997268964
79151843405
79267515528
79629249080
74953426306
79266810468
74953404915
79035625294
79175648686
79060767972
79859779883
79160894420
79167042288
74952320511
74957034852
74993569260
79250016444
79037229954
79263307440
79099049960
79037510188
74953428788
79263986881
74953410168
74991792471
79104010222
79263827495
79167954445
79267855059
79036843464
79996675242
79859982100
74957144173
79629814092
79197617024
79257722886
74957839435
79268299210
79154445221
74992320375
79104072311
74957099148
79267122826
74957706043
79037785894
79258858003
79035037293
79167741639
79165867784
79629268805
79645505383
74953830436
79645201316
79037216265
79160072770
74955261006
79150487882
74993202840
79778283320
74953599650
79037927957
79268202100
79067223812
79037786807
74992323321
79104014285
79055797994
79032695843
79096874409
79057785306
79161797632
79772809805
74953296708
79268257343
79263673667
74953907767
79168760251
79295258937
74954233118
74955514109
79067382707
74959513695
79645802627
79199707645
79299118109
79015436068
79055767887
79152483478
79258835503
79032928430
79037388335
79778633100
79774197909
79165007741
79686662306
79057625263
74997494166
74953466166
79636767176
74953456855
79055584726
79663224525
79096710002
79266291333
74989130781
79687844308
79039695871
79255187884
79671395190
79161376253
79151907983
79255438286
79778183386
74996171236
74999927567
79260271710
79031821544
79153584366
79161209778
79645154514
74957143694
79629073217
79684619986
79651795003
79169257434
79857835094
79258214738
79854580962
79263313830
74953920903
79263158503
74953218264
79169823951
74993564477
74953784037
79262580010
79261977061
79165645178
79161848554
79261294310
79680161734
79265813410
79645076906
74999041621
74992360763
79169050823
79152009904
79261808673
79163588555
79175392367
79852883663
79164733520
74953417130
79037100936
79163577902
79150219860
79689875725
79057061523
74956546560
79859203799
79262375473
79099567233
79150232350
79688859922
74954543621
79035749177
79031476580
79162222756
79623653563
74954234332
74956928387
79162228609
79268921528
79165235694
79261428817
74953187765
79646396339
79161157814
79162156916
79262813322
79162398844
74953999227
79162009895
79057082133
79266630422
79169410070
79623972779
79773301391
79150783444
79852322102
79688708876
79296353664
79252223537
79652244839
74967650423
79060679888
74953499634
74953946798
79165307568
79267217923
79672778711
74953408774
79266632303
79166503504
79651074002
74956782429
79684187817
79853872337
79653170019
79055395402
74953418834
79057026678
74953937074
74953996646
79636633892
74957165966
79267211620
74959549041
79162740744
79264261742
74953583321
79161270624
79037173552
79265388539
79166422138
74953582555
74953983546
79154317143
74987675366
79037795851
79165143570
79773430953
74953846803
79854547004
79175403203
74956556048
79161533281
74967690913
79167004098
79031955324
79163779956
79175189246
74954238572
79154217766
79063184078
79151595259
79035623618
74953461506
79261783056
74953182817
79166720468
74957705947
74959141691
74993481900
79250650000
79269235489
79067865653
79629833006
79265975071
79647682514
79269609070
79160180026
79099495849
79376015148
79774871381
79057108025
79164686650
79851161703
79258727037
79264666084
79169949762
79166853538
79653797271
79151000800
79161301515
79262762668
79653623938
79269686043
79259243673
79776541008
74952155042
79639936942
74953954044
74953416704
79637651355
79267022199
79165369581
79269170762
79261540640
79260440104
74956545547
74993572023
74957012304
79857784131
79164273871
74953473524
79269803004
79253668429
79258823531
79999775241
74958490752
79163218410
79032591114
79057051213
79032479537
74952210505
79263602756
79261918601
79269733181
79169814001
79265478627
74953456558
74953959632
79161617360
79166358683
74953197127
79261740264
79162059892
79851411343
79661403618
79167544544
79629248132
79269068470
74957119924
74956556030
79037960290
79161589546
79688170550
74997530307
79099259901
79250255957
79151349587
79265282216
79775496380
74996535356
79091673133
74997463288
79161979711
74959548052
79055715050
74957342575
79164572124
74995880034
79529682407
74953925025
74997854099
74956683221
79150375855
79651876331
74956909559
74957306177
74957836320
74993567298
79169063995
79261037999
79296713218
79037200590
79036244405
74957130044
74957301660
79152387454
79253447199
79265236229
74958406640
79646358189
79262867558
79262441842
79067715555
79267252075
79169001439
79169483904
74953214374
74957143186
79778512184
79163720971
74952238680
79165295309
74955805765
79779307716
79175772995
74991479955
79262721403
79036633399
79251580055
79260808703
79268172333
79031971219
74992657197
79255182161
79055639535
79857615563
74956277216
74953275655
79166418689
79166095475
79160356526
79265587038
79680746263
79261276844
74957271641
79296556330
74957486424
79031059337
74957304452
79057380947
74952322963
74957877800
79683993898
79162936819
74953414037
79647111899
74953348714
79272505492
74955266671
79199991990
74957157322
79264725738
79161553744
79161200006
74956032878
79161910481
79032280455
79165823969
79104444307
79651975519
74957204834
74953048405
79035891249
74955648852
79859209799
79175529379
79055655353
79278784477
74956625220
79776173861
79017966071
79263769953
79164687917
74991788888
79175199090
79168315555
74992325181
79265726181
74992320357
74952344850
79261839522
74991332956
79260354747
79035309368
79163597629
79037481251
79035607578
79254944741
79163271735
79160723851
79169101822
74992343230
79296736398
79166882306
79773435971
74954223361
74953472896
79253488381
79299977793
79623641272
79167849908
79260802045
74996155677
74954383151
74957313135
79031297079
79037925518
79162403333
79032079417
74953970682
79168449699
79031614112
79031656040
79253619208
79263818350
79096744148
79776098599
79160777838
79165751645
79688326166
79687635558
79262838005
74997418321
79262047807
79263851211
79774720388
79162942425
79163010575
79169250309
79629329106
74956322317
79265759393
79857656122
79151902260
79163430583
79161861072
79636456131
74959891747
79032095612
79853843227
79852124191
79276114813
79778374703
79263922466
79032497615
79168749862
79250081671
74993460690
74957774147
79163130400
74952320006
79035066829
74992537385
79252795716
79296787474
79160595926
79151553419
79164361109
74956221482
74953972676
74953462611
79778138831
74957187330
74994773001
74991312361
74956753110
79015485929
79262189759
79636440159
79168559429
79268326002
79152682801
79030106739
79688110851
79191082989
79670533063
74953683488
79253917671
74953593235
79166433532
79261798405
79263148493
79175570040
74958173056
79262629125
74954190238
79998000101
79157110144
74956633567
79267037312
74992609192
79151949548
79035600283
79031031115
74957103612
79264502000
74991223623
79154856975
79166061122
79166754648
79165345371
79160766162
79037413742
79057725508
79162148113
79260298441
79645870797
79853493150
74995798596
79104244621
74997253874
79055863480
74999269837
74956541648
74953427459
79099370721
79036682768
79639635997
74953460022
74959951123
74953405302
79031476753
79104755937
79261031535
74986989424
79670190909
74953994439
79030112471
79680161498
79299826861
74954434565
74953419321
79104959468
79289775980
79035938667
79067271113
74967579822
79152301665
79057617071
74953101733
79154250293
79854420277
79067471588
79168101726
79219324214
79030038635
79032707338
79265733071
79690840463
79639662707
79258886101
79657170007
79265720486
79265982514
79263989978
79104716946
79674319120
79166430000
74991673290
79169552114
79152279190
79652712801
