79151989807
79057479941
79152990169
74955034934
74953954569
79035455616
79266081178
79254603484
79150219860
79175781048
74953404523
74953404205
79032898099
79167890220
74953494639
74959503851
74953959092
74991974080
79266293231
79857243374
74953873036
79036768754
79991110805
79169334768
79857686169
79777278075
79153112629
74955514109
74957193919
79269560580
79160383251
79104506398
79161284872
79773433094
74999220151
74953979149
79104152680
74956726893
79663426411
79091589011
79262908495
79166855708
74952807271
79264378784
74956275545
79035902166
79778625243
74953954966
79852171897
79153660546
79163220132
79057213758
74957819640
79636039006
74953417249
74956339470
74959532563
74956791503
74995044131
79654368273
74993204778
79031791721
79778183386
74997221186
74957149238
74953933981
79663807474
79162100666
74997314737
79067721624
79998019913
79161322080
79261809837
79654344678
79265301342
74953553915
74959612565
79153352036
79067086400
74842547838
74957370054
79035799999
74956655600
74953423401
74956777752
74995500333
79778579608
79031095743
79777713808
79153694434
79037966824
79161867043
79262680505
74957144173
79162932565
79173901793
79857602953
79639934290
79164033878
79163817260
79261839111
79067162114
74953289654
74956621057
74957184352
79166776094
74957165500
79688872438
74959818484
79035924080
79663284648
79164347927
79055138680
74959262080
79652010215
79266011270
79296305783
79160973282
79150000451
79161539590
79166985344
79161244769
74991310595
79859975091
79057490809
79104463077
79269423937
79645550668
79150012398
79299291792
79175789437
74957162592
79151530201
74959530621
74953473484
74993481002
79035093420
79006511166
79269102133
74954261703
74953411078
74983026077
79099358829
79166574066
79295550330
79037292002
74957887500
79037785894
74957896202
74999998000
79035207442
79261255206
79252014458
74957455073
79153886861
79032645577
74951250444
74959128282
79265900629
79776612289
79035301514
79104006776
74953994131
79031473305
79199962476
79250552378
74956451555
74953334888
79268435544
79163762217
79161089544
74967355256
74957143186
74999236697
79169910238
74957401264
79175934757
79166783101
79251867645
79161234433
79099071616
79036950247
79858654162
79774680392
79646241329
79168699181
79167922597
79670959745
79035703970
79267885000
74959164949
74953428807
79060888859
79999055263
79166640990
79851204820
79255094426
79163905318
74959178872
79031778280
79035229208
79153075105
79104860775
74956888241
79651286536
79035206360
79032468574
79266194286
74953972775
79104218869
79104040214
74953387243
79175701716
79379152777
79296100448
79654044466
79254957313
79055455937
79169084530
79296398615
79773364711
79165059831
79687164455
79645822331
79250821088
79164930616
79629333788
74953406866
79653742435
79774976909
79852684949
79165207574
74953614629
79652707774
79269228628
79258510121
74992421232
79067265113
79057078627
74959928344
79031367393
74953554955
79168808659
79269498231
79164284264
74954558790
79250945616
74992465038
79268170089
79060482777
79160516749
79253581966
79255143753
79680670008
79859995324
79060863404
74953992980
79260133191
79653746265
79096861169
74955437232
79296653608
79267107763
79167752563
79778096702
79851515952
79852631005
79999922360
79175812679
79263055546
79296075116
79251287734
79859998538
79165126613
74957914123
74953462233
79162782251
74956237349
74997550137
79031955324
79859586735
79191071075
79257642680
79684656858
79647720259
79150796276
74953283530
74954234837
79032887731
79035820746
79267238193
79175840403
79160654321
74959676767
74951034812
74954850016
79258762917
79166778097
79636087189
79032360917
79035494618
79588193765
79777571702
79687482200
74959335596
79165911867
74996480797
79263737785
79163075570
74953419844
74953426663
79167809823
79060615642
79850481804
79124212881
79153553201
79163159398
79057152424
79998789400
74956656369
74959371618
79104874748
79154524969
79777714678
79267562455
74992320293
79269343197
79060947603
74991323449
74999480480
79160011505
79269654376
74957136369
74992112483
74957392565
79166544163
79199901488
74959560693
73822488554
79299394641
79250998050
79265643393
74959875973
79264641332
79104590108
79104184165
79852883663
79067586387
79153557815
79265609225
74956909559
79296830264
79036869506
79857247997
79776116557
79262004702
79629030111
74997630459
79162053171
79055821085
79067193651
79295562956
79261168577
74953411928
79150373030
79096707979
74995078914
74954229183
79257863435
79261187317
79252758746
79258080089
79037222486
79035603455
74956527578
79152444570
79163079565
74993572904
79036720467
79038300523
79253900188
79250180278
79660994532
79099422916
79253846004
79031697766
79299858150
79031202626
79032605407
79167867727
79067865638
79687037818
74956631100
79296715376
79169930404
79154339013
79857622298
79152946749
79154919972
79852650511
79162250448
79661778922
79104893933
79104565074
74953403101
79854397995
79039680916
79252050708
79636655577
79851611156
79653947493
79296150923
79779696141
79999004122
79629069045
79169936943
79588308145
79067819311
79057939728
79851861868
79168310847
79852982990
79267666644
79652183854
74953442150
79154686269
79581927564
79295826830
74956556908
74953986340
79168883330
79057644926
79262095894
74953452290
74956816293
79168790020
79151252230
79854547004
79153028585
79253777256
79687081215
79261192040
79163329455
79647288985
79670606808
79162577277
79853342300
79263582828
79951830683
79037791371
79636031359
79057517990
79154962141
74959661096
79857947738
79166451678
79663256321
79017056263
79153578539
79260789114
79204000071
79163088212
79168449682
74952581793
74956041055
74997841257
79167822072
79032733431
79259051300
79162615205
74952216646
79091666944
74959261070
79150627156
79269134344
79263389885
79637690611
79160104095
74956921589
79859055145
74956650015
79161761876
79031748922
74957041318
79254757810
79686243350
79162325054
79687651517
74992323918
79258094825
74957110759
74959339565
79859926983
74996526000
79151599807
74956444887
79175348097
74957091891
79255183466
79036793117
79631093349
79299292400
79057239709
74959530956
79162477368
79253456990
79636894069
74986987670
79099033810
74957111392
79032167728
74956592729
79689786326
79999900989
79168760251
79854469036
79265403793
79851780200
79032373977
74965733162
79852380258
79161630970
79035406356
79151594518
74957803553
79852599111
79104083651
79854914329
79262580010
79031600612
79262325174
79267163453
79057617071
79773264161
79265384897
79250492369
79268200399
74953416913
74954117646
79859144744
74991106105
79175597554
74956454797
79263214491
79645231405
79153380938
79251114088
79853617055
79091681414
79031131421
79851936631
79857734917
79166889797
79154968578
79255628240
79163913966
79652512880
74957558536
74951505558
79266459579
79191083217
79670682282
79260717415
79776007811
74997474806
79773748854
74993579210
79055054204
79262275380
79037188961
79150581929
79685131959
79035443546
79778810027
79777310408
74957593626
79252224633
79175230912
79037928222
79258214738
79164913169
74992321381
79057176078
74959540127
79037928601
74953500818
79151034033
74959194390
74956588458
79689894110
74997226200
74953420831
79254004881
79264319555
79262454121
79166630653
79261309086
79165144523
79163010575
79036878040
79166099380
74953921834
79104561690
74957130584
79858284144
79175152577
79032008744
79268413333
79260409200
79265004341
79859381269
79175749920
79629001079
79684458545
79265556648
74953336179
79164551629
79169989589
79057327978
79197748510
79061327992
79164040927
74958672626
79168086754
79261548488
79258521525
78672537382
79166689103
79152524851
74957035835
74956934499
79161544655
74992320318
79269598180
79998787724
79299990762
74959375347
79168510754
79175757556
74953932992
79647829282
79295348902
79169654785
79017838147
74992732033
74953143995
79261572919
74953989416
79653691147
79175329021
79262040357
79646355819
79651833614
79151424160
79851138128
74955027949
79099093532
79057692993
74992625110
79154244145
74993244843
79162500128
79168046406
74959817094
74952344397
79166831401
74957095459
79166784841
74991358411
79006511155
74953420985
74952155042
79652947711
79265213427
74953923483
79067708605
74957855151
79262826011
74953419378
79651876767
74956453696
79165010870
74953411248
79611503351
79778035315
74957771100
79254798006
79161630792
79777142433
79265301686
79161032358
74991748616
79036689377
79161350846
79269513090
79854674103
79154594433
79265815981
74952256800
79031118157
79857771126
375173126626
74959808770
79807224504
79261577071
79161080141
74953220196
79261449403
74953974922
79299963050
79060932999
79998336053
74956587318
79637199253
74953411356
74956767576
79060987442
74951279029
79055874705
79057339038
74956796272
74953947919
79104332573
79670461000
74956259303
74955447690
79261716807
79263343654
79261854222
74957772525
79647682509
79168066339
79991690241
79262674435
79163753151
79295511483
79200931973
79037538990
79266464727
79031078217
79856971466
79774442195
79265747413
79031783533
79160447853
79779667355
79160281383
79015781488
79853648334
79259244550
79154349116
79037336003
79263887665
79096820294
79265572211
79255469996
79258084020
79104174580
79773335968
79057962544
74953332471
79268218936
74957231001
79776122991
74957174665
79161376296
79851901858
79265284867
79032781351
79060292805
79168122053
79263602756
79852516267
79067489347
79096428418
79265683943
79267057450
79851504489
74991673290
79262257995
79998304279
79035392658
79265654608
79653187790
79154371337
79162922528
79096840086
79060552525
74953533721
79163349820
74957333983
79262660083
74953253652
74992325990
79031529816
74959848325
79096851529
74967650318
79263148493
79037243111
79055064995
79037578719
74992359896
79165970162
79852294451
79151444717
74991714435
79099997171
74957119150
79253044599
79175186890
79154300258
79265821696
79160192381
79264930789
74953954383
79166880297
79032963391
79161596704
74992490616
79629934555
79100000775
79162131095
79253656015
79057196221
79687656553
79037242993
74953594087
74953412493
79036118074
74992321228
79265317760
74958670729
79163264802
79163379060
79654424605
79037728559
79032407607
79250916161
79055811801
79160180026
79150639423
79652381540
74967630980
74953311868
74957799748
74957124292
79163616026
79104838560
79067433231
79145429014
79251930605
79104138063
74997255570
79161041477
79031262650
79104235460
79251390193
79629144494
79096759656
79060333222
79998402075
79036848605
74953726918
74994886427
74958671807
79166754523
79164462147
79037446565
79057051213
79653232437
79099086669
79637161873
79032836183
79260238084
74955516405
79296059762
79263099646
74965411266
79104045429
79031141790
79039792852
79162990718
79265654428
79257309416
74953412453
79266832044
79037657308
79251565690
79165151240
79296376563
79266673234
79260842901
79154142978
79260977290
79099711244
74953427907
79853656892
79031414876
79775419096
79039745060
79299229299
74953417131
79057403652
74953877385
79160344453
79265400711
79853449607
79851185318
79100000774
79264600283
74953965638
79055212452
79251130159
74997438042
79774083313
79663188844
79251234568
79032482687
79162671565
79264462100
79268939346
79652834482
74957147198
79265571232
79859218845
79160941315
79691236053
74956586766
79109189455
79169182407
74953415630
79161940977
74992323208
79039607490
79299219147
79035092766
79167421784
79995952359
79685359444
79168686860
74953612924
79031762166
79265406135
79166878501
79269000697
79263861378
79255009043
79161897839
79164535340
74953591851
79684599913
79036178393
79680824621
79161745159
79162209961
79653217766
79168129333
79852108242
79161728738
79691029163
79161455978
79035656172
79031727977
79652218888
79680147234
79252257691
79167230779
79688315333
79851433950
79262280101
79164515874
79152245093
79859553232
79167977499
79031031991
79151234353
74992322193
79251005266
74957828846
79778039091
79267833004
79161537836
79031992486
79856869875
79265856527
74953488184
79629224312
79629336322
79778940568
79858120725
79151010928
79263493030
79262079187
79296059532
79167570111
79035741439
79039774995
79154377070
79154001159
74992343601
79037270570
79031634137
79161553744
74991920398
79265808033
79151235730
79261191946
79032011611
79652614499
79032575520
79160777838
79152949312
79529600654
79268851301
79035873734
79269491608
79269143602
74997431979
79263606156
79255367914
79096992999
79651402416
79153163205
79262444216
79264799343
79055588320
79886712705
79296425162
74991223571
79268226941
79651589513
79055285022
79261839688
79164603884
79175962473
79265662037
79154244900
79035629500
79096899916
79265779035
79168494759
79162369738
79507094294
74953423163
79199952482
74955501799
79251749428
79257419651
79999618236
74994920534
79151485999
79091520962
79269170731
79104596164
79104024995
79164089171
79998202185
74957770255
79199615896
79263741662
79055451854
79057298373
79175459209
79261151439
79263973238
79169144518
79858695878
79852572056
79262388330
79267004377
79262390768
79037144184
79162185423
79260076076
79055518777
79295535343
79169544202
79166154662
79037887827
79154642141
79856478398
79104570989
79857629139
74912550111
79858083704
79030037793
79262545000
79652227429
79035233778
79267986147
79295455040
74953426776
79266693556
79672291404
79036269480
79260583128
74953182817
79037335853
79060463355
79104929814
79037795613
79777519616
79776002535
79776102083
74952234667
79104705846
79268954152
79132331615
74954843144
79197788788
79263346461
74953136991
79653812031
79057160474
79055537116
79167361013
74955043461
79261172922
79166848295
79265259734
79057005719
74991598464
79162305377
74956096828
74986614005
79036871232
74951321900
74957139964
74953632288
74953871200
74956602442
79166039575
79166415897
79778270420
79254509155
79858821550
74991214060
79629489436
79260628076
79258624160
74957851400
74957771495
79684464800
79162102712
74957729590
79264956268
74953634697
79154595027
79166981111
79629806720
74953484717
79265231155
79645948430
79037076820
79251116092
79261627418
79166320388
79060926971
79261499121
79771623615
79852458225
74953420615
79778623226
79163370101
79164307814
79651143737
79265586802
79160271397
79262350755
79260282059
79152455492
79645063771
79031338978
79156911299
79629267372
79096855929
79775322405
79680030002
79262066515
79777145627
74951253031
79651150220
79055536464
79169624161
74957487748
74992323098
74959588560
74954232435
79255067752
74956152341
79163878369
79269990492
79163838896
79166073126
79166880259
79160642726
79267881189
79091517547
79651750427
74953411976
79859104260
74953461558
79160879677
79645323292
79266812101
79851635141
74952492608
74957794052
74953473936
79096911841
79031755727
79037796076
74991820590
79165225176
79269824657
79671613098
79251042245
79099591370
79035874674
79263174547
79167280473
79268309219
79773399585
79099381398
79030192236
79153903890
79169971755
79295095441
74967699831
79265511783
79688995692
79017573613
74955891178
79670307772
74956574015
79859225501
74991265821
79163566930
79165171859
79859975295
79104915539
74996234330
79165151135
74953463326
79162408236
79151909153
79660932035
79774237848
74967910836
79032147430
79850646040
79778109091
79037911279
74953937804
74956065834
74956264090
79859205073
79683579835
79032958730
79857718844
79152883187
79261248565
74956457933
79265017214
74954504692
74959560033
79036149488
74955653076
79774974742
79037466222
74953581444
79262133157
74953957278
79166468445
79037101631
79153513409
79165364685
79051825453
79169960399
79652900681
79169429522
79651057229
79031887417
79261578092
74959358152
74952346520
79099788628
79161695346
74996153925
79096463021
74959270143
79096429236
79778304056
79779171636
79269442333
79164753020
74992320198
79152911121
79253788200
74952122600
79264145747
79255070388
79163014266
79299862789
79257315191
79776951996
74957059220
79015253625
79268110679
74993505490
79169247578
79680710166
79162634234
79653087792
74956952562
74953974479
79253600319
79166886571
74957149530
79250965652
74953511176
74953770088
79167476347
79154573055
79167479476
79263003333
74954667353
79687698787
74959953137
74953960790
79774693005
79035028852
79689275717
79687932827
79851217404
79096245151
79035226116
79265299593
79265909394
74957251086
74953966113
78312982010
74953455502
79166266762
79153435633
79267996244
74991312361
79262063050
79266071225
74991756085
79168364967
79037747409
79688826827
74959532969
79036680072
79670460362
79096560525
79099983238
79268879918
79254654017
79254994558
79169768484
79851316859
79852140266
79637694563
79168064565
79671713285
79296160195
79256084336
79859398770
79104275007
79037347248
79261759843
79663197548
79031828059
79262420224
79995992951
79269055562
79055377114
79636547787
79265728827
79150820078
79167175533
79258218171
79636671859
74957173881
79035145822
79167536790
74993572174
79255210710
79060695569
74953212293
74991792045
79165774883
79255073881
79169926338
79257160206
79104141145
74997406426
79166107550
79099410648
74953295519
74953421421
79031444177
74953580749
78672544880
79261102049
74953409184
79163914302
74956989800
79253287989
79265560425
79776617308
79269169055
79776175192
74953723021
79661122053
79691238444
79035370359
74957799131
79852977602
79261646045
79031087122
74991280049
79778205669
79166086367
79222065111
74956419101
79166412003
79099691010
79258408344
79853648997
74996089270
79161223333
79151417371
79263261659
79637298734
79266253362
74995000005
79057039804
79165064368
79684092321
79161931876
79651837997
79853525319
79652493330
79151860700
79856435063
74959379300
79262475883
79160572890
79991697765
74991972973
74956482949
79161320498
74993242153
79265996285
74992324789
79015952233
74967542687
79032380115
74953459900
74952234581
79684045163
74952303027
79031045937
74957396424
79030097912
79100011004
79857624970
74997931236
79104743921
79257715046
79162124941
74956639123
74994596674
74956319066
79670421820
74955488326
79035651145
79645106311
79689797202
74955516783
79778280420
79689448266
74953438926
79259099113
79099544648
79262363515
375173305405
79257288258
79163339309
79067770083
79060441917
79772810390
74992325092
79263649965
74953411579
79151204395
74953422460
79661301005
79853437667
79036639347
79260238085
74957378866
79099070260
79031975521
74957914635
79854703350
74953943395
79265745405
79036217017
74951145512
74952801859
79166152851
79852110096
79264530979
79299526525
79164468981
79169436483
74952320100
79265584784
79776113905
79268122899
79858891965
79639999889
79198733329
79262282631
79151001033
74956714787
79153274852
79654160537
79096488877
79255897517
79855839452
79672727471
79161656056
79254478268
79169549474
74992061091
79162987098
79015195558
79254834018
79267272086
79629621222
74992320337
79091595947
79998155422
79104236874
79266713941
79267857085
79169189049
79654439004
74993561493
79851622666
79261187683
79857171578
79262215171
79646358181
79035523352
74953633315
79859835017
74992322505
74952498183
74953893792
79015782565
79854928861
79772749395
79269119880
79150684056
79067742677
74953765995
79161185301
79099675150
74952042798
79651514741
79999004245
79168340313
79163208065
79169433491
74959896191
79153726830
79151907983
79637514780
79263624032
79031096982
79775871665
79169934565
74992183148
79160325832
79689756383
79167371289
79017924932
79772628515
74996851975
79264236114
79103575365
79055956239
74953418911
79169617877
74955851363
79151664979
79167039835
74956258874
79855370212
74996156006
79163026462
79104337724
74956782429
79684725998
74992482497
74959885209
79265604618
74842584769
79639623822
79166933462
74956481018
79036266992
79165664742
74953470202
74991276376
79055758287
79672738507
74997530307
79055757070
74991641093
79150112503
79150751082
74959830000
79152014277
79852357698
79263057275
79037885755
74956171366
79262063921
79661003107
79175244509
79857766040
79857835094
74955648862
74993489550
79167711799
74996810515
79164076871
74959886088
79169103090
79772586828
79032190051
74953404966
74955499206
79859086668
79262620898
79660526100
74997257236
74997257234
74956518404
74959611304
79263922445
79250366351
79160280873
79651059995
74967573420
79162163068
74953250610
79637143027
79167152073
79168821953
79851892598
79163051211
79035164488
79857639114
79689410146
79067835666
79629567087
79623641272
79264306898
79647232818
74953224456
79258956843
79017964045
79265569699
79660076600
79055162836
79031682818
79262358632
74959403427
79104485992
79160176285
79645086342
74997435208
79653714224
79163310315
79263657388
79035642132
79855652555
79030006163
79154653555
79265644134
74997255606
74953222101
74992325526
79296059536
74992553103
79162157347
79039661498
79269803004
79680977260
74954235897
79651588752
79030089434
79168754809
79150505141
79160387749
74953460724
79199948381
79015902080
79055129143
79032950490
79163784954
79166701364
79167766855
79262601313
79261173880
79859978812
79150900477
74953581154
79163779956
79067023444
74991620413
74953445994
79775925700
74959354665
79671221545
79152357696
74956807659
79104766805
79256820309
78463365792
79168414410
79852456975
74956463464
74959099637
79774180100
74953967633
74992324368
79151397580
74993233071
79645325227
79039775452
79161226608
79267767766
79258851383
74956450578
79775193870
79151318080
79267013369
79257391511
79636751034
74959594273
79266603071
79206816407
79687909530
74955792191
79166634378
74997417023
74952792517
79161795189
74992051330
79296015626
74953418739
79166038824
79611507632
79261262157
79168186008
74992321307
79265872217
79651259629
74953952584
74997848050
74951090393
79264329011
74997860956
79264053919
74992056869
74959888402
79647606027
79857608137
79688244003
79260761299
79168339879
74959330609
79104832501
79037496492
74996109696
79165030312
79161286631
74995801000
79197279502
74954425122
79037849221
79851648750
79039691902
79067042929
79162059091
79268287358
79032945408
74953707997
79060689928
79263982330
79060355651
74991697915
79175576921
79168863122
74957303786
79251300065
79258866752
79660931100
79647903733
74955422045
79779678257
79850653115
79057370692
79011191779
74991722351
79160075700
79057443418
79031582831
79263790923
74953449425
79610639940
74953939452
79162278396
79776694824
79166791053
79152694492
79161218114
79163806479
79773020817
79166599422
74996137543
79153833320
79104193885
74953495320
79684309160
79100770990
79161727288
79999773576
79685273748
74959270077
79255462872
79031446805
79060579813
79042960740
74953021030
74953792286
79607409496
79032441986
74953409822
79099687567
79652383062
79067959658
79166486843
79250566560
74956326024
79854307704
79636797391
74997253437
79153462345
79263972354
79152864690
79161317593
74953935136
79164300059
79771098747
79104648706
79653839121
74991650005
79857644319
79772552515
79269284636
79104080885
79167770997
79168849705
79651922767
79035422936
79651668496
79154856128
79032399997
79670350142
79250020313
79002065025
74953954302
79035614774
79169496660
79160066033
79857489467
79857900731
74953951724
79037188282
79856178400
79162398844
79295455030
79152783926
79257722773
79888333683
79629602999
79037754160
79031083377
74953460985
79269059005
79035892838
74954600945
74957091570
74956593638
79166635043
79771321857
79168226567
79152120762
74953421664
79104779351
74953475742
79037433383
79253713242
74957182689
79104365417
79636090039
79636082563
79265201973
79150735452
79165532023
79686907137
79032239289
74955500207
79162019684
74996132372
79037956678
79096561161
79256359067
79852556962
79771462090
79266211001
79039670022
79265202062
79067849468
74953710814
79261220082
79852953042
79017670302
79683830832
79263043436
79151272692
79672442881
79636517111
79166743149
79645843947
79152721995
79651049656
79161157814
74997847445
79161836860
74953225693
79169727167
79999705857
79998130610
79263762580
79168252118
79771493947
74955741027
74953992195
79153461850
79150094003
79167788353
79096235558
79263651507
79998469645
79671065553
79268873456
74956726380
79153367045
79257175234
74993206481
74966147473
79629248596
79060739473
79267148188
79060325951
74993571692
79096611221
74996512115
79773652963
74953962189
79261879990
79017965630
74953980760
79299331127
79772677963
79265581121
74997223319
74985058790
74953277249
74953971592
74953415027
79651221211
79255830183
79104647102
74953255838
79161292209
79169637741
74991731393
79030002873
79262215161
79060580091
79265483906
74953594502
74953957806
79263345722
79161519441
79264121340
79663872787
74953403781
79686511864
79851338783
79167059163
79117763541
74953504744
79039757598
79773417014
79997805851
79060499489
79037693143
79175791110
79162197191
79162534238
74953489700
79268855957
74956781351
79161767029
79055810917
79055169373
79031415022
79055451111
74953970230
79104805766
79257896061
79269192112
79162890272
79261610022
79154572711
79067921050
79165140390
79166433945
79251992639
79772650877
79652755810
79166679676
79252763857
79255165000
79162822759
74994892194
79647741578
79262465172
74959364655
79265596065
79165923412
79060410916
79055865305
74955503596
74991215342
79109011055
79266803080
79258372626
79166106827
79268751819
74956515295
74953376434
79166761369
79850502288
79651024816
79851382405
79859371597
74957113279
79261694844
79175511644
74953418834
79637105567
79060594743
79031055522
74957176449
79296627191
79854100076
79031964583
79037282297
79031604592
79261112259
79264927155
79652145635
79031602456
79262313221
79165445874
79689667789
79778290882
79161576329
79197659951
79257903590
79055798558
74957593531
79856433471
79032216423
79032522161
79776893545
79152456897
74953185817
79037681152
79773112129
79037970449
79260485578
79257250595
79260031956
79152750694
79268372347
79104524400
79035117091
79296136953
74953635047
74953470405
79060549089
79160147660
74956755345
79104346682
79037246765
79096711132
74957172811
79104800737
79652500086
79258284189
79055129343
74957164630
79855125215
79639619396
79255185932
79060938999
74993578242
74999990855
79104527268
74957023279
79032988422
79388888483
74952210012
74997305508
79687580289
79097852776
79031521150
79166632626
79165330237
74991809566
79175715677
79151795450
0079163640077
79260812788
79151716948
74953959632
74953972514
79165215442
79858895050
79253024750
79857238545
79688764101
74954118050
79264927659
79251424185
79262731707
74996199964
74953391453
79267199628
79154080067
79268311905
79672916507
74955105001
79036795127
74959899182
79175942242
79160301350
74957219912
79263954336
79636162441
79057367315
74959960601
79267067355
74997257748
74959418034
79032584616
74997840646
79261255799
74953494620
79096970048
79151672183
79166048827
74953418980
79250707500
74953449282
74959161732
74991202657
79653419250
79265769828
79854600439
79037210131
79688985900
79032667892
74991869153
79637773953
79855736719
79032721742
79629241900
79999728422
74957270633
79096527110
74992904275
79854843020
79773609411
79036775677
79167845121
79036151315
79175705104
79151367046
79030084747
79037402613
79651453545
79852091366
79141582992
74993570865
79197783086
79998013352
79265568010
74957177375
79162266005
74997417477
74953955584
79859266779
74956589372
79104766263
79164913720
74957137709
79162474702
79267954696
79266312724
79037582334
79197290890
79263504242
79255448884
79057373135
79031769279
74954071701
79269870041
79060898853
79154789206
79057971989
79104725352
74954534282
79852558700
79099723076
79853553515
79151587207
79165302595
79163215676
79265214763
74953874493
79197296449
79037902388
79645157447
79104078437
79268807136
79267386873
79055483790
74954524219
79161724870
74997411095
79269912616
74953586648
74954351403
79859999157
79031090497
79253772721
79166893771
79055223651
74993246338
79163003688
74956602509
79858791430
79168704749
74992377992
79037140052
79296653607
74955165442
74952580400
79261751418
79260343411
79160012383
79151431537
79153673713
79646230211
79154856975
79031432354
74953828052
79268124679
79161281344
79160947556
74953955034
79037299680
74953962684
74953968543
79036148884
79261508206
74959814631
79162633346
79152517743
79163339940
79805406043
79999087468
79036156733
74997933320
79091539026
79036855218
79163114477
79067264933
79162395548
74956986027
79031286977
74953818692
79263289475
79687925570
79266224348
79663879773
74953963286
79031632169
79670173648
74956287854
79269519461
79031504449
79779571899
79164925568
79169028403
74912500445
79151139327
79165180911
74959457846
79269124795
79096480066
79859970678
79857766755
79653365622
79660098623
79039773654
79259749377
74952043327
74991336515
74956733424
79032095382
79104228257
79269623710
79167620228
74959890590
79037888366
74955552698
74956385328
74953916261
79104779275
79164413096
79036771613
74986574594
74956546373
79165891368
74953636046
74957873517
74957164635
79099541628
79258595030
79778059117
79035016201
79161474614
79036861207
79296819896
79036783344
74953446240
74952340651
79161272001
79150974707
79152550869
79163705776
74986842117
79175480585
79671267306
79663334186
79154625289
79104617166
79104360111
79258890641
79262466315
79851717780
79096360810
79017717580
79150961408
74954528160
79057310075
79858631978
79055741131
79672390185
79653026055
79168734765
79637175059
79165353840
74956337346
79031603841
74957776675
74953995424
79263757215
79261898847
79257374636
79152623452
79269279702
79772614450
79096450770
79853836045
79776128320
79057328337
79055031674
79167964557
79250242211
79636217155
79670191881
74953482218
79161874896
79163195436
79162211354
79168807393
79096527983
79255074700
79104434507
79151884222
79773176515
79035757447
79161381755
79258451900
79031910447
79161785984
74967978240
79773146351
79037247056
79689012667
74959825022
79169527678
79251882663
79165646767
79250306390
79854428777
79859652569
79031113894
78312577477
79265321001
79269010926
79654470077
74955102213
79262706662
79035323832
74953897374
74956493488
79104558531
79150508939
79165634520
79055501904
79090968695
74956200989
79067219364
79163859903
79175023105
74957950037
79037505160
74953404897
74956319009
74953440621
79689514645
79160222422
79091549344
74991374503
74953925703
74967555737
79255435161
79250070741
74993172007
79166944444
79779766525
74959746016
74997481281
79032182449
79296831678
74953194152
79031960113
79266051576
79252322796
79856876678
79588263006
79165142536
74953155238
79858520193
79039684094
79647711060
79161419351
79160077608
74956454446
79636383893
79161915157
79166833775
79108181997
79778090801
79163550084
74991400641
79151067440
79265651168
79165040560
79854598545
79653746928
74959177620
74956790236
79262641900
79262778480
79647983331
74953479590
79030167463
79261499429
74955566752
79037862580
79774180391
74953403486
74992549880
74957458806
79153467394
79104204096
79262272012
79037509300
79267150404
79154817478
79261444518
79255075767
79057114560
79199619112
79161847067
79661412620
74957870600
79154036484
79262764349
79099958844
79099660336
79266939139
79263805881
79091658095
79263046894
79295382344
74953776791
79037835408
79169130188
79162397392
79997809863
74955102190
79257740053
79166967421
79169179582
74996118102
79250210875
79263471195
79295716647
79091539680
79851408401
79645090009
79778991034
79104121313
74953989490
79264995701
79265718195
79104225145
79031582554
79060398653
74955005713
79031761211
74954335359
79266254110
79153901696
79262291762
79168258585
79652399222
79266343181
79060874047
74956565752
74955056118
74957113274
79099870071
79104202593
79653675202
79265531245
79266229184
79263380455
79777080093
74952584534
79031198811
79637732855
79031744055
79778808129
79104411948
79017578997
74957923097
74993231301
79629787609
74956411034
74957969644
74992621918
74992320620
74953876430
79055426525
74953133380
79999628079
79261367289
74956768091
79166819721
74956609090
74953426708
74959563217
79102410629
79099488850
79057232281
79163000398
79295491204
79653771598
79036790768
79269019800
74957256357
79296757896
79651149582
79014232044
79265712808
79778044662
79858740788
79263575209
79689134579
74957880200
79265873212
79055742436
74958670778
74953414528
79168675530
79031310847
79032115513
74997956859
79629265224
79636797007
74953409484
79166019122
74959741935
79258701959
79376545722
79257052893
74822329428
74955598571
79778704525
79261882041
79164328453
79163094121
79162464766
79169519598
79295324961
79161387440
79672792669
79169087419
79857279511
79299128646
79645793607
79853314303
79267777612
79688244002
79096659844
79299060398
79099290843
79857736325
79055661438
79268090880
79099096398
79055192419
79654325819
79268847001
79175750755
79055586465
79162783980
79162606040
79096418680
79162585655
79161386024
79629939440
79031003161
79067284440
79099359074
79169303677
79099899611
79265358410
74953608590
79263088776
79263689802
79067808667
79262698047
79687508612
79166279088
79269503574
79629758982
79265295590
74953416627
79646429609
79175833206
79253785234
74955648823
79037646277
79251588373
74955179305
79166567957
79169220299
79037311951
79250011221
74953450203
79060551433
79685904791
79261549080
79035563796
79151419459
74956443572
79266766001
74955189633
74955679901
79067321663
74956890539
79104013137
79035944921
79857671632
74958672233
74953413798
79636561365
79637265043
74999950934
79684913001
79262744219
79161405293
79163302235
74967641197
79161846607
79096790579
79167026722
79255331482
79636108490
79262145353
79379118276
79169257434
74951345702
74957880331
79680795881
79653699491
79166815634
79636457977
74954134178
79168503861
79645566788
79151244988
79267857479
79104120260
79165055118
79037601594
79154485484
74953429843
79255067150
79295023315
79154274985
79266050970
79262534045
79099053711
79653814908
74952323211
79163831304
79017964105
79261189095
79060334324
79852105707
79253812941
79660130189
79670685369
79670523850
79999747255
79150603892
79161133191
79295841360
79629281441
79645200111
79166552222
74953411727
79265756069
74991385653
79162584799
79055734913
79036260336
79167401523
79260976882
79263600909
74956582365
79067834732
79671096230
79039643662
79163245678
74967680254
79039710621
79263709134
79264329791
79262119559
79161353236
79251520804
79851560642
79263209656
79067059570
79150055060
79263334683
74953044787
74957018240
79168497300
74959473033
74953970336
79267057010
79689400787
79057336240
79175776766
79997988790
79161973500
79255006841
79037431765
74956790761
79853460624
79653523877
74953410403
74992495661
79163203721
79851170932
79151793815
79161952117
79687957080
79154882066
74957150881
79262746594
79266939983
79854285383
79165224187
79268392963
74953412696
79104890928
79175480150
79998540156
79261616845
79169150928
79257545108
79057679677
79055027244
79253135506
74955429342
79263778796
79165987921
79851309663
79151701219
79375055727
79680050505
79165083239
79161923804
79685359479
79032288558
79039695362
79097514696
74997860887
74953939173
79265553525
79055380461
79037172593
74953995869
79163305243
79266652513
79167514118
79851643350
74992323020
79057820047
79257710430
79040052442
79252049109
79261495922
79067329759
79268793331
79039684231
79099096189
79160772656
79256784509
79672709552
79164054884
79030032386
79255079705
74953402973
79165763149
79037424545
79032626138
79067219295
79670444106
79855634803
79037963764
79031953171
74955196125
79160692771
79164416575
79169769985
79161316300
79265641379
79588258666
79670213026
79689351414
79687437828
79161145250
79165629802
79067086607
79031421152
79257093323
74996490244
74953403108
79250434194
79653268899
79263741250
79164171782
79168820381
79057183243
74994634883
79269756366
79660994801
79267967646
79254588900
79264127496
79031623264
79037412083
79647094994
79999130803
79651424373
74959526183
74956791563
79269265204
79645162636
79151490242
79104669725
79851863393
79672371166
79263305405
74953284238
79260886008
79151970928
79631599320
79037242299
79037806862
79032221558
79099837385
79264065305
74996138735
79671738906
79036185439
79032998686
79164778188
79645665752
79267907855
79265613229
79160326792
79165595366
79150362557
79162443652
79251151421
74993579197
79268609902
74953443467
79670975814
79207479276
74953993907
79104540312
79035177718
79161442830
79261496857
79031577732
79152802549
79258690828
79165122397
79647887766
79268687341
79152163414
79296276459
79268631647
79851114464
79265237231
79265396946
79035084743
79260314531
79257721649
79055088473
74954278628
79263049978
74989177342
79165795779
79165276579
79037224561
79167901020
79651487773
79031165841
79166967977
79771504660
79032680690
74953460322
79150015620
79104145830
79263632403
74953938279
79166320986
79037954847
79163080308
74953512580
79268889233
74996135475
79262169709
79308033938
79670709698
79152859757
74992326552
79253179551
79036217131
79670642567
74954554009
79998426277
79680681030
79858337301
79031972771
79099080654
79169246362
79859224827
79104181678
79057073464
79057871798
79165733747
79055603770
79152189902
79036114404
79251916446
79262641177
79037717276
79671872600
79636083108
74953161834
79165226072
74953417613
79067810920
79057277338
79163323238
79269309296
79629614046
79166123381
79067710715
79267887155
79636493372
74953969598
79168870058
74958670665
79254883119
79266034329
74953348849
74996153242
79262317149
74997425991
79264000600
74955806363
79163863337
74959813363
79037666992
74955406900
78005558448
74992322462
74959952251
79168855542
79859928013
79252982224
79165595747
79645005981
74956637820
79261031400
79263631128
79260285583
79264804072
79031034753
74953197873
79779032188
79160140737
79165015106
74953268123
79162720228
79645505383
79654340004
79672835868
79166921131
79035843094
74953413127
79646386428
74991573410
79199910627
79163164787
79057742845
79688565092
74959374477
79057403024
79265566977
79265930468
74953219338
79258958524
79162740570
79169910393
79169163439
79099408714
79774243396
79267261675
79165058451
79859884151
74959802400
79261141142
74952320752
79161947884
79164202954
79265762975
74956581534
79166948407
79031784078
79036222411
79152256753
74952300485
79175884434
79254880322
78312772745
447554865804
79774923557
79161975458
79611481515
79037611667
74953467627
74986574340
79161923350
79169713506
79857736296
79605770077
79261966804
79161596498
79266206004
79161579684
79163823538
79268792372
79254841690
79663870387
74991156025
74959665000
79636795671
74953992370
79259135644
79858373387
79160270348
79031516708
79163561644
79153380933
79036189874
79169030384
74953457668
79168562196
79104212590
79775289916
79163854714
79999736362
79266363358
79060350830
74954341864
79672263322
79166419079
79637673941
74996129980
79261213066
74953521017
79268429445
79035847154
79250505828
74958034113
79168040347
74953407544
74953486468
79998464660
74953420084
79859773629
79169119116
79031446902
79031684448
79168100429
79150692092
79670386680
79161400207
74953128256
74991463577
79175679899
74953451952
79099027209
79032827260
74955756236
74997827124
79851934738
79261925812
79636496980
79269811000
79163645601
79031476580
79852522462
74999396117
79175581913
74999689131
79261477386
74952814504
79262557173
79264070601
79260707766
79037201432
79852025469
74959886788
74992320661
79037209455
74993204836
79166097607
79055119400
74952043534
79162513534
79243567030
74955360000
79295900130
79161532022
79264609972
79057965797
74957775656
79258338056
79161096112
79859801256
79096978899
79209374626
79251259733
79164458688
79165080303
74959831882
79169329861
79686172914
79257941315
79169884759
74953225133
79268109948
79100009192
79036771767
79168409290
79166766249
79031207673
79167877640
74958670249
79037777932
74953508981
79096879273
74991767037
79647088858
79035029830
79772578487
74959814000
79653944293
79264643837
79778814951
74952328775
79067469234
79166754648
74957973200
79032043079
79031898018
79104435263
79262105740
380978900703
79162208614
79263750614
79165791775
74957237777
79670744924
79036750888
74993472209
79645045510
74956873004
74994456144
79036899685
79153897305
79267999343
79163296173
79265393000
79851973126
74957219900
74957772515
74996102285
79516917923
79035670116
79067863855
74992341782
79516917932
79092630100
79031896201
79160219196
79160714044
74953418879
74997828153
79169100101
74992340570
74992580417
79660740949
74953429811
79685017777
79055566056
79262718788
79163728878
79057773316
79161372956
79057256325
74996115796
79169236682
79999735880
79164288997
79778452131
79099770069
79672608957
79164729218
79055173155
74991774319
74953421787
79264824966
79636380209
79197841949
79250671660
79151560640
79057523039
79037717583
79772561601
79850564045
79096584822
74996513949
79261170338
79256422624
79660580819
79091562184
79161216136
79645398393
79264653304
74953449228
74957428633
79162049684
74957799664
79163486827
74953776078
79859886701
74956220398
79169288563
79037484688
79250000373
79096954692
79267227337
79099275445
79262726835
74967573678
79160146050
74956401670
79260733175
74959843246
79031171929
79262008888
74953588454
79167007399
79646326200
74999293262
79265255742
79261331011
79037780404
74992712136
79104755145
79105061633
79162464033
79859299295
79194115011
79165246209
79269924515
79258862280
74953975862
79654284550
79032581638
74986572337
79262091440
79686279463
79250755074
79165831197
79032743863
79685334075
79162575655
79163122149
74953483387
74986564333
74959671313
74956328888
79096977385
74956914045
79250626463
74953410649
79263113333
79175090815
79255054102
79167203803
74953461735
74967310303
74986564328
79161623923
79035984510
79854429857
79035918230
74956729633
79851709033
79774973295
74957893539
79254610133
74953361046
79858808328
79104912953
79605990330
74953989056
79163495920
79165914712
79160156851
79606042117
79777138858
79037748315
74953988706
79250370944
79636397964
79037403806
79169621303
79167160761
79162228609
79262159725
79263320686
79687210000
79168571748
74997052033
79160781823
79166806989
79165384045
79268807533
79265281638
79152262208
79671188850
79153712037
79267770910
79057582908
79639994532
79197654750
79163004845
74955492471
79100045718
79262375473
79067452855
79693484245
74967641619
74956904122
79162301614
79037194591
79109693656
74953413010
79160070101
74957877206
79776098514
79266166223
79661527333
79209467338
79686579949
74953412803
74953492263
79167995466
79265105001
79175818460
79165219728
74954520045
79166147761
79152587058
74953504152
74954299683
79162217212
79067271113
79250777630
79264971932
79169369210
74953978618
79671550372
79104782119
79252453008
79261087493
79162154994
79629987878
79057800678
79268943444
79998060513
79265342558
79852350096
79260096000
79161168016
79259055336
74957872573
74997912612
79851795079
79163511430
79690149320
74956949530
79857649462
74956790539
79857721210
74987200783
79161572013
74956458405
79269206957
74956426316
79037731952
79851295111
79263602958
79688844693
74953963227
79150035900
79060567855
74956708436
79038316032
79299684782
79253483890
79152839935
79265420322
79166317743
74956647680
74957125213
74953457594
74953892970
79533122142
79035942405
79154146842
79851003434
79036127762
79033637552
74954373056
79164576463
79151259824
74967681477
74967731524
79637857010
79853075055
74997232936
79268265040
79257832708
79030029696
79037840856
79037708489
79154001505
79165569994
79199978888
79779375734
79264707397
79629314477
79623672225
74959897650
79856693404
74953427458
74957175246
79261861841
79165342864
74991738115
79035326921
79168374657
79857689454
79169138932
79055224822
79165039575
79163527747
79257891088
79035604607
79152356800
79262284082
79852770413
79257419593
79035936602
79653551686
74956206269
79163890429
74956003577
74953996306
79853881602
79153483634
79296126515
79168073908
79265876060
74953951004
79151904838
74954267149
79031559696
79859829689
79161195565
79032133252
79160829892
79150539712
79851207676
79164335556
79168152525
79161219773
79153960155
79262154280
79175557778
79265220527
74993561322
74953537682
79099826680
79096582323
79165048174
74993672382
74955615294
79166387753
79852578875
79647890113
79267934379
79257400875
79162440422
79663179788
79164103447
79162038321
79056985281
79035203931
79259066191
79264621711
79266439796
74956592325
74997411252
79165627847
79037993238
74956583525
74953495849
79266769939
74953972539
79637608654
74953950510
74996109753
79032947427
79160605567
74959876550
79162798853
74951034004
79859889715
79859244400
79253284463
79169662325
79057061523
79030108112
74957796956
79150065757
79037481251
79255008022
79153119119
74953539471
79032280455
79154777799
74953414270
79859979749
74953958429
79299692124
79261243002
79161254002
79161910481
79153883433
79197640218
79267075042
79169731902
79167797470
74956003823
79104067965
79031318392
79161637160
79169050823
74999041621
79163160444
79167104203
79055767887
74991227690
74959418020
74992704870
79096330330
79690617065
79163530736
74953994070
79166128044
74991877800
74953402198
79772614629
74953863820
79031261116
79100154940
79165163188
79636439698
79104662350
79032874613
74992739212
79163500045
74996618037
79854768895
79037988172
79151422069
74953903682
79258777656
79262676229
79258522579
74953714971
79032616987
74955141051
79680033734
79264692388
74959840656
79252756099
79165086100
79296307249
79255062344
79295777451
79036140189
79777524817
79663038005
79099390656
79996770158
79035283855
79253238030
79687264612
79296020242
74952595201
79265845036
79151701140
79057090991
79035379442
79035791307
79164678694
79101574058
74955503099
74953413953
79773141969
79253044107
79096209902
79166858571
74953422163
79265900501
74953470715
79263500191
79162707142
79639664422
79150770953
79165835976
79267035373
79262075633
74958674439
79096262963
79263397540
79032528571
79165632523
79268233606
79857593061
79858828078
79250642818
79152592930
79163730866
79037177907
79161135955
79269083895
79262153059
79774971633
79169901656
79250680806
79653983681
79153597255
79096317831
79997719999
74953913493
79031151429
74953465624
79683392192
74957923993
74954204982
79258770953
79163254832
79106040373
79162369236
79268332226
79859993341
79168700717
74992324387
79099944400
79067036484
79264181634
79169129612
79067111588
79039702530
74959479778
79160096737
79660870987
79175600494
74953117200
79166840007
79670970017
79161278143
79654237378
79250002218
79169914060
74953296047
79261771998
79037333797
74991240788
79151068705
79777091658
79687598482
79852322102
79150051050
74953412881
79250308686
79661618653
79265270707
79854925062
79164238338
79104444307
79151794410
74953424772
79055710055
74991614228
79771478410
79057664494
79296774488
74992323329
74965122580
79687883109
74953411459
79169335666
79852656335
79099156213
74953035779
79032145726
79166693538
79262148599
79251234564
79857748260
79653808907
79067181519
79104469655
79778870405
79636165925
79150569639
79262238008
79778809245
74992321970
79686342027
79254449088
79035408920
79036890893
79168012853
79161673592
79265504556
79037557423
79998070893
79636161444
79999601233
79031309870
74993566391
79774091911
79262160871
79154308817
79169464626
79150121256
74965621017
79636071440
79268440471
79104363074
74967632595
79263005881
79163168994
79162590473
79060319680
79778125025
79152356763
79260972620
79161659907
74953550665
79162737605
79104821959
79295859589
74953411595
74953931241
79261759673
79260624318
74957799730
79687126796
79162322787
79166310914
79168305500
79256847678
79774959812
79687888998
79099486258
79254522851
79037229079
79169503569
74953539004
79151393935
79773396887
74957176619
79162898139
79151371117
79637574090
74992583987
79067048874
79166305265
79295018300
79772608223
74953442011
79261621036
79161120444
79035676859
74954276408
79636629254
74953949351
74953407693
79803574100
79774235455
79032734200
79104350694
79680483331
79167323105
79260301733
79998219133
79165496681
79163774257
79057746380
79263730274
74953424030
79771337167
74953968592
79265722972
79169327128
79164527766
74959847124
79030153202
79162345296
79200419516
79853369173
79060823770
79266002733
79687876622
79686072403
74953936842
79055570817
79168016561
79153211050
79998191156
79629711670
79257875515
79109980982
79851605987
79165189314
79859553951
79264809786
79067777151
79162886644
74996614553
79254225842
79998810406
79263412136
79671830354
79250490424
79175788435
79771278007
79096907755
79688606982
79168541426
79269074333
79099505552
79671373795
79269171973
79162703737
79099498540
74953409290
74997840374
79647838076
79672870707
74997778143
74992437267
79057928440
74953995510
74959472961
79192687047
79262952982
79055085048
79175025600
79035740471
74957063053
74993731551
79670000374
79266383800
79164435726
74956795277
74965698613
79160553011
79060467799
79153201080
79686160005
79805116066
79684088577
79859050925
79263026062
79253001355
74959561973
74951398685
79035768318
74993246863
79035041726
79031459601
74953473909
79036636701
79683796626
79031654689
79851977138
79250051150
74953414551
79055827621
74957817777
79652714971
79039601252
79104077485
79163335761
79055241702
79164648230
79651758181
79653763040
79150979103
79857685727
74992717741
79161011139
74959296604
79645018889
79017476533
79168475271
79030009702
79160971907
79055774376
74953409663
79031885039
74955353249
74992322360
79262958897
79055077402
79661545005
74953981351
74953426623
79055093738
79066296761
79057182532
79037551215
74953983220
74997832369
79037216265
74951206001
79672172627
79856488886
79150642600
79857665311
79104030892
79151549647
79670279766
79163952235
79262121159
74957301660
74953403591
79037795606
79035048915
74951628169
74996083629
74954000002
79636420021
79037928927
79636223526
79852164114
79262333346
79854292322
74996665466
79031269107
79166926464
79161298034
74992639284
74953944382
79671287048
74959578378
74952313035
79032860549
74951145045
79032775302
74955395395
79255147769
74995004499
79854184558
74953962286
79852434808
79629070627
74952342000
79265633231
79037965019
79165906253
79851585455
79857690650
74992903074
79161523848
74957322802
79299559178
74954153718
74993243127
79037295803
79037334842
74992482004
79057701223
79999818643
79035985170
79162044427
79263498862
79162757292
79854473068
79778584601
79163776367
74996184903
79778586102
74997930963
79859708921
79686203791
79166111314
79060643250
79169655590
79151528223
79162226292
79166735862
79037411973
74986029792
79262887832
79057234336
79778071828
79687685263
79150131430
74991731731
79647849179
74952763100
79258705535
74957979090
79037355979
79251456423
74956584621
79169349483
79152165218
79175642588
79055419199
79260322599
74955454460
79035475210
79175950404
79998170882
79299982974
79853698887
74953989112
74967529187
74991774701
74953539745
74992451146
79670166671
79647829735
79169012677
79169433629
74956913740
74997426249
79259179491
79266481230
74991335030
74997250052
79191000333
79145426401
74956493180
79169111712
79103867521
79855124979
79037694950
74997025296
79151151463
79166544311
79260669888
79773363076
79057207069
74956414070
74952877657
79060763763
79197742060
79265602036
79857646024
74991333008
79166278058
79265214705
79151197767
79168453537
79250286023
79852000144
79197732029
79265921580
79639602529
79161404301
79165834120
74996530128
79168826482
79166624234
74953426944
79037287383
79167629770
79166431989
74992693025
79104946590
79258426210
79169920922
79651997303
79857780253
79167838635
74954826174
79032560718
79057690094
79252865456
74953400893
79031052216
79104156991
79253210533
79051094646
79261498572
74953370075
74953427170
79167159364
79605242505
79262473003
79857845866
79060384855
74953452282
79161141565
79266900860
74956403015
79166958935
79151830763
79165898599
79688963693
79168005296
79150441238
79104232084
79104804385
74953404069
79161401523
74993569322
74991771075
74957006880
79057617279
79055193050
79645340585
74953404582
79854637567
79150555444
79055937603
79167502907
79672727979
79647196038
79060382777
79160847358
79067356383
74953406535
79099500005
79652655655
79266833043
79150798599
79636153317
74992366746
79163297134
79166142505
79852207743
79104064002
79253673307
74954708927
79684990807
79161623089
74953556889
79037977386
74967524437
79166706955
79262627141
79104552800
79265262935
79035838797
79039932868
74956279564
79252699030
74997461635
74953425276
74965126275
79295341703
79264009523
79854742814
79030173842
79099528617
79261796960
79250327276
79637113290
79776384080
79262160181
74953419352
79168781055
79169661983
79099737275
79051574004
79032890190
74965126668
79161163192
79688983104
79629665115
79851649534
74953422317
79154709243
79263304047
79153055372
79166835326
74953501273
74995570470
74956486070
79151051860
79858202125
79099641774
79299676890
79031519863
74953503321
79253599677
79167080792
79685842728
79166652404
79168712030
74955486030
79629196017
79257371738
79037773393
79104198931
79672700010
79258094286
74955444994
79057269428
79169288870
79857744538
74957062398
79031591010
79265262953
74999668414
79161517763
79266533180
79852166870
74959603161
79096683067
74956559603
74959957779
79660740910
79164317306
79035508303
79688866048
79164580879
79161439807
74997860824
79670982979
74953405302
79031213271
74952307501
79153902152
79191012851
79265569189
79853865353
79296337512
79161485465
74953285289
79168065741
79169172947
79153338457
79057867171
79265780985
79269605455
79295635623
79260327086
79772608263
79032711090
79853652711
79670538933
74953421801
74959489648
79690376959
79166428589
79031493656
79856353535
79164997776
79652624970
79269226316
79910128768
79153777732
79267684922
79152561108
79032117444
79999633635
79262564567
79151248302
79164056060
79096870248
74953720253
79851353706
74993576942
79260782334
79104206119
79261780457
79629098439
74997024548
79162965950
79162201512
79777709752
74956860877
79096801341
79859227144
79035912843
74993573469
74953040923
79066437799
79165338595
79264651833
79035279579
79031979959
79778673042
79268217713
74957757900
74992452153
79853663866
79165599350
79163090042
74953455078
74953486249
74956768666
79264045892
74959292255
74953711509
74952875265
79057977648
79163777604
79265281749
74953423368
74951051033
79266550818
74987675202
74956790241
79031909823
79104956888
79856920899
74996747380
79035691030
74953412735
74954117759
74959250700
79270663694
79264949357
79096355342
74953878012
79652399099
74992660956
79164268514
79169485494
74955056161
79035895246
79771674131
79672333443
79035960355
79165644175
74953421786
74955404927
74991754408
79031088845
74954665254
79060471414
74953408515
74991235127
74959746151
79254760664
74956808256
79775496441
79037503813
79672258761
79253073060
79254755010
79265916754
79031820977
79175768595
79859877944
79175991000
74956414008
79166220277
79175524690
79267203987
79054783337
79161326104
79036140688
79660257435
79261033191
74953212480
79857623552
79257027296
79778312445
79859350527
74992077727
79636946996
74995039215
79032539504
79255116057
74956010554
79772557174
74997413861
79645050017
79854130794
79850958212
79857767038
79854405602
79777338716
79163406414
79057105000
79645820038
74991731186
