74997469858
79165779824
79262291974
79258299149
79262321999
79263077781
79856199558
79263640194
79163827496
79162398844
79256359067
74953967212
79161327106
79268958726
79774195323
74953226392
79154987015
79163914302
74992324387
79652325621
79779678257
74958672129
79031250475
79164972473
79268194060
79852331035
79266125928
79099217261
79266133130
79266194286
79851201275
79150546888
79651074002
79999863680
79260784674
79629154587
79169637741
79067979688
79168133694
79162936366
79096904985
79168101555
74953954966
79165589064
79857744538
79167010109
79031396303
79032081625
74959418020
79091580110
74954427345
79169238943
79859700299
79672362636
74953428291
79169417774
74997308095
79684619986
79652149194
79031767037
74957839435
79164760017
79161928979
79856209899
74992686374
79154823109
79050914541
79778183386
79037917277
79264452937
79851426035
79852475399
74997484123
74989175427
79851548366
79197742060
79166337613
79037481251
79265301342
74953408390
79017501470
79852807309
79057004005
79067774503
79154701753
79168024836
79104220179
74997826186
79645678906
74959937507
79150521492
79257211453
79166275205
79687196429
79031016374
79032747787
79671890099
74953969209
79251859070
79055691381
79262043027
79266224348
79266569416
79104463077
79267990446
79262641900
79651374980
79166023564
79151656651
74959110867
74991985649
79265413391
79151488627
79161573096
74953484717
74957135480
79263097592
79261444641
74953421647
79772608223
74953411595
79168501307
79629718681
79262079652
79037273612
79161411489
79163131338
79163027416
79854252979
79035341026
79689415051
74953516748
79264226234
79263791841
79199707645
74953961752
74991577105
79091695742
74991796014
79166776094
79262693419
79254672786
79057517990
79057357594
79167229209
79629447276
79031813011
79269857845
74953402389
79175613146
79854417623
79261000551
79774394211
79162274089
74953963637
79859829689
74953426291
79100007776
74989177356
79161523853
79161749827
74993570120
79647209010
79299704093
74992613350
79096428418
79773399585
79652667716
79099260006
74991229767
79670249091
79154735429
79163328738
79153455009
79165323591
74953456748
79264789689
79265416750
79629073333
79169661402
79653146115
79036372023
74956707145
79778122980
79265751228
79775116716
74953474816
79266092230
74967544610
79856002766
79379152777
74991914158
79164929982
79259055336
79998002242
79637109160
79057617071
79151734726
79162140243
79859381289
79167897282
79250901855
79645592396
79163074179
79175189246
74992321879
74953331308
79165684880
79267999343
79260676601
74958490692
74953126221
79263922445
79251196534
74953272034
79163528381
79154255455
79250334877
74953268308
74957038148
74953947438
74953434043
79265255742
79164833038
79266029808
74953616940
74953927296
79166681879
74957136454
79167266207
79269176408
79260782334
74953448440
74959195372
79165180911
79268791925
79269270941
79778283320
79166958935
79057441515
79161818037
79651769161
74953948141
79162900060
74957035965
79099486933
79263213327
79684770691
79057163150
79168273760
74993431920
79175276795
74967626626
79780170604
79859972616
79636457977
79263055223
79264425457
79852230646
79036673304
79854171958
79152616257
74954727072
79859225501
79685562237
79032044760
79032733431
79262663058
79629439340
79036254041
79636226920
79039696011
79164247702
74953423217
79057228973
74953427184
79035679790
79037804550
79164761602
79152220767
79262332662
74953980485
74999444786
79039644543
79017122437
79165330002
74953617353
79254880322
74987679928
74953593266
79055580201
79255298669
79255830183
79652983883
79154054454
79774237883
79152892344
74995570424
79687037818
79011836532
74953416616
79119364888
79151075537
79031568874
79263757260
79167889449
79032925225
74999129786
79166893888
79250053999
79161327053
74991443897
79166523745
79167852380
79265676615
79030015831
79030078646
79162197191
79688080850
79263832255
74953419888
79160698609
79253512151
79165165963
79031473305
79104332361
74957170616
79262763856
79163568731
74951505558
79031273931
74992694591
79150006010
79166374941
74992320210
79268297963
79151733809
79037914219
74983027424
79162012920
79150973236
79261192040
79057224211
74953486249
79154276121
79175639205
74953410973
79168709277
79651905784
79035914071
79164576463
79150603892
74953139448
74956757500
79032905866
79165836189
74953907461
79264259345
79164415155
79166035080
79015932406
79250707500
79165901229
79265571232
74957171042
74993572836
79263289475
74955515202
79104805893
79067193651
79152483603
79161829102
79099923222
74953042275
74953424072
79645106311
79096769545
79161209778
79165774317
79104137768
79262232447
74992323586
74996145881
79851313717
79151412880
74956237349
74993235298
74953424267
74991502572
79036606042
74997863340
79032642992
79055152381
79629063348
74955923589
79032396570
74997428960
79032137946
79163759451
79374333154
79166625889
74956322390
79852410779
79670468853
79257294312
79104912761
74953411928
79166443949
79265552660
74991442329
79104735544
79854716062
79629277280
79252220054
79261453925
79263485375
79687164455
79853879773
79033637552
74997441076
79689400787
79685116049
74951221677
79261159068
79260913632
79298321814
79164451065
79165906253
79999607393
79055642088
79035200087
79169546156
79996708862
79269571951
79637261026
79151539098
74953716282
79162488199
74997822274
79250305153
79104125128
74953408474
79035455616
79096596169
79166320986
79654364924
79164261717
74993236239
79771460742
79251345673
79060345227
79779951297
74959813100
79296488240
79165664018
79197689770
79154962141
79266092333
79165286749
79857763702
79614036595
79055000826
74953417254
74992340439
74992714893
74993740072
79251522207
79032043079
74992674656
74956379440
79250829312
79154627838
74957113281
79175601779
79260494954
79153994668
79166075504
74957872542
79175034650
79252044312
74959298119
79037650323
79163877277
79263784142
79636775522
74993231668
79265921580
74956637820
74953954242
79774939131
79996533300
74953513369
79858791430
74953440030
74953797938
74953414498
79255853794
74953581081
74952762323
79031098850
74959804861
79104670094
74953423254
79167221067
79032886978
79036682768
74953410161
79175382347
79104527268
74953116170
79166700806
79670642567
79858301420
79252451625
74957181788
79037805687
79296142030
79165801090
79165104179
74956656103
79057890664
74953473909
74953938898
74999206729
74953410517
74956186605
79036792955
74957820606
79104160910
79168516528
79036233240
79055113643
79162223007
79774083351
79057039804
74997058974
79099227420
74992324367
79163549374
79160973282
74959268686
79645967470
79264013376
74953434975
79104285086
79774449973
74953422800
79261966675
74953548894
79153307358
79151255347
79166099380
79160174630
79637651662
79153660546
79163871950
79856446244
79859106678
74956170632
79253082020
74954191725
74993249120
79263649965
74999633140
79150847674
79684690165
79775828224
74953195874
74957755061
79265298985
79055523195
74953520823
74991641944
79017820443
79067945707
79104863110
74957855577
79269072999
79165384045
79252784443
79037946577
79263934969
79269102133
74957378589
79295085840
79637104498
79035266879
79855393132
74954331449
79055654938
74953962384
79168887703
79032479537
79672868631
79163064852
79168364967
79055346677
79269990492
79036133109
79686814227
79055810374
79031861674
79670404686
74957342575
74959963094
74957111392
79268030553
79032115513
74991930047
79265089944
74953446212
79299854737
79067989837
79037298337
74953933637
79163329498
79265203558
74959961051
79150035025
79151092626
79168083957
79057740505
74953925403
74957583647
74957772424
79851629988
79858210519
79152710218
79266174252
79774971660
79037792194
79167394767
79150942253
79265971224
79163362684
79651992298
74956592659
79859123440
74953299438
79153603088
79262167604
79636380913
79157867328
79168101726
79263848006
74953985263
74953429117
74957131189
79163762217
79259247092
79851411343
79267770910
79260014440
79166294106
79099577711
79099653759
79264569012
74956586973
74953799358
79165030694
74997228330
79261880082
79859773397
79771336100
79096401667
79165263850
79030095079
79265033387
74958517277
79057622078
74958409711
79262134155
74965411266
79031669435
79671825051
79104008323
74994768736
74953403063
79036615591
79859226759
79037994798
74992617083
74957253115
79165516656
79261452296
79165539332
79104228257
79645076906
78003013730
74953407283
79035068760
79035642132
74957119467
74953594087
79773104712
79777210070
79166276267
74953419321
79671794179
74991607968
79175922792
74953413925
74953514168
74953418533
79671634353
74952233332
79146222611
74957135701
79175444809
74953405227
79152120762
79266800306
74953416291
79104750357
79166055207
74957862894
74956227180
79035455263
79774595144
74957184352
79037789108
74953982781
74953880091
79161386024
79197660685
79262739466
79167119895
79269643888
74953422984
74956773402
74992621918
79105111666
74953988882
79032630121
79036242985
79267126260
79096776682
74959162915
74957532319
79166520365
79116155077
79166744588
74959884689
79637186990
79853187634
79169140662
79857835094
79269998515
79168792420
78619921200
79164951999
79261387648
74993201763
74956682611
79168609323
79160011505
74993237149
79261810795
79299184889
79637810951
79161624564
74955273353
74996182775
79636898096
79258826244
79032174054
74959749644
74952295077
79091681414
79032132975
74955865292
79057448901
79091532797
74953452290
79054001133
79032695843
74967268381
74952560881
74992323920
74992541017
79639660675
79166407473
79037646277
74957390404
74953488173
74991374503
79773534722
79857941689
79266863310
79153578539
79035995454
74992068337
74953492011
74955102213
79055008940
79629249149
79151000800
79259375693
79161219773
79162898189
74956442848
79263602756
74953429817
79104014544
74957133918
79168119390
79160623954
74957899122
74992344724
79268900016
79160446026
79685334075
74959840119
74956573307
79032364306
74953130652
79161316300
79057860457
79161637160
79773417176
79164115441
79856229878
79151035451
79104725352
79165951725
79167441395
79773148349
79163875269
79161214198
74997857703
79031171929
79261790968
79646388043
79636473030
79680087606
74953473876
79175749920
79057928440
74997254127
74999078422
79999922360
79165098758
74997930963
79261382423
79250209130
79266647599
79261632445
79999705857
74956816293
79169881588
74997429997
79261760224
79162541871
79689796027
79853441908
74953969786
79166173410
79202523042
79169347858
74958671892
79166729924
79853604108
79031076957
79099723076
79857741388
74956607550
79265217791
79250584158
79850547373
74956682610
79265222783
74997412915
79253198828
74955104275
74953611124
74959743581
74996181005
79162247545
79153367303
74956088032
79104349294
74956088034
74992621737
74996103513
74955353249
79264367776
79152926958
79685116346
79857652122
74991571894
74993573030
79262620686
79255840505
79266448111
79255067180
79037994962
79036258279
79660853196
74953429110
74953499061
79261031400
79663870387
79647650290
79262899641
79161385293
74953221353
79152223267
74954204982
79250538227
79161300667
79257687816
74957923940
79257540966
79645968105
79268682240
74953545880
79164840179
79151907983
74954227192
74992320495
79168873626
74958673487
74953465482
79166640990
74992625110
79854428873
74953745066
79167779901
79670686877
74957254605
79197262725
79057658268
79652329665
79161637394
79663878062
79295717381
79296027401
74952234667
79152456375
74959335555
79851585859
79857734917
79652930676
79660242964
79031884830
79855470235
79997166559
79265766619
79672263322
79250718577
79851202940
79263877591
79164989646
74997440468
79153304820
79265757908
74958678341
74957503249
79175429084
79997845567
79853077455
79850453804
79154867600
79266166273
79166555829
79165679597
79166167030
79032941950
79854346402
79296362740
79265870548
79032350798
79255308039
79104020774
74953854969
74953855758
79160077608
74952875265
79104451129
74957483033
74953406848
79165209095
79161724622
74992322808
79035571874
74991102369
79153340990
74992560031
79265442561
74992320612
79096591285
79265900477
79256132080
74952122561
79262186449
79164261640
79687673455
79104028146
79102619596
79850494978
74957128627
74956289419
74992321141
79015194831
79035468081
79265625370
79152468040
79036273166
79169555221
79629952907
79166586445
79162798853
74953264213
79031597561
74967643052
79175021032
79265644102
79152909125
79252050918
74957846284
79640294466
79265320451
74953450844
79175321431
79854279378
79153467394
79266275445
79263433388
74997848918
74957133569
79175385818
79165387865
74953407634
79296075116
79687521409
74997848562
79853307350
79161338334
79260410404
79160781701
79032778019
79264642771
74953952660
79051636580
74957060696
79652559396
74956400210
79104782119
79265997173
79168396613
79855162256
79055835820
79037381826
79261203569
79269265204
74991349430
79169920049
79037867864
79299979386
79035579707
79261368714
79163973429
74957441349
79258910422
74997417701
74955514109
79202820352
79153274852
74956576537
79670551808
79165165385
79153663073
79165161024
79265577127
79269364456
78123670316
79647789785
79250333322
79773580502
79645353523
79267112550
79207935533
79161336068
79165586413
74996183479
74956458405
74952236005
79264442232
79260018111
74999998000
79663570140
74953401198
79168318550
79637114241
79168337723
74953410739
79169979435
79168046094
74952323211
79030106975
79774871381
74991726675
74959830000
79150392511
79301611005
74955105001
74991827537
79257297923
79168852802
74991573410
79169933228
79264184400
74959262284
79160191740
79853370083
79067076777
74957035551
79266407912
74957888938
79637127122
74956736636
79057859058
79060404444
79166657732
79032572100
79163105858
79162712646
79255628240
74953417340
74953552102
79259263656
74957923097
79055797994
79104219864
74965733162
79031622248
79161860122
74991972337
74953532385
79031326716
79295054025
79150530219
79162612808
79853691594
79151754700
79168298090
79263203905
79037282361
79296653608
79161946987
74952217837
74957304449
79859150176
79672597345
74953071560
79167087471
79680867047
79688262615
74993230102
74953527162
79154275661
74992014272
79036169117
79066857091
79851766634
79296801043
79856248024
79166883673
79167375228
79031703687
79031232505
79265775059
79169055555
79167472255
74953830235
79776102087
74953968319
79251168516
79670232759
79151773199
79015783916
79163720971
79779550861
79164132227
79161009262
74954814955
79150864337
74991675885
79037905807
79255067752
79857744193
79646305650
74953405404
74953879254
79653846550
79629146497
79060466929
79154850236
79161233391
79039764048
74952120663
79636751558
79096899916
79163271735
79032561736
74992320007
79166886571
79035964813
79067356383
74956544127
74959806818
79164075358
74957178752
74992598825
79031492959
79671600484
74997974596
79197699929
79296010610
74958671187
74953400643
79037311951
74956583671
79127888443
74953464531
79772838492
79269825000
74993745505
79264905969
74997227435
79688366423
79268372347
79263086332
79647959171
74953585741
79262947600
74992323117
79031887417
79037328255
79266494903
74953412669
79164484530
74953459402
79260354747
74996530128
79254333338
79161830696
79254473921
79295095441
79153625883
74992454834
79017640989
73022202010
79857947738
79037123558
79175589928
74997550137
79032534010
74956283425
79166141292
79266053662
79773851315
74957295970
79032132660
79152160795
79162783646
79268643552
79175111702
79624751155
74957306778
79096861169
79269445957
74953422351
74992374394
79151235730
79263774989
79060317877
79265390768
74992320081
79165355440
79689756383
74959873470
79651167079
79672573465
79067754439
79857731298
79269078346
74992717786
79260537544
74956910543
79266531946
79259085188
79261880144
79056078075
74999432322
79035727783
79651076624
79031661909
74955805690
74991599590
79165720403
74952587777
79260808596
79057229246
74953407435
79295542969
74957713468
79164934790
79166137128
74952584280
79654082872
74953424547
79684620082
79161845276
79265349903
74957129103
79296308629
79104758039
74956262902
79160309653
74957071357
79252227889
74996083629
74999689041
74956586863
79169326876
79166910393
74992320758
79685178686
74996616151
79162777335
79037451924
79161843027
79165960303
79255062344
79164374511
79262240127
79687520420
79166453335
79859888453
79169905355
79263493030
79639902911
74952815304
79250566560
74967910613
79150218494
79031367393
74991583236
79168811457
79251528994
74992641053
79163218849
74952341806
79265714620
74959957851
74953973133
74959365044
74953119672
79060922506
79859779883
79773970250
74967634982
74959376170
79267339156
79163577902
79197280176
79687620410
79265277171
79161442369
74997423633
74955516897
79162123968
79255079881
79165226792
74957868582
79164265658
79067923323
79851547544
79163283487
79688550149
74953496566
79853493150
74957885699
79683796626
79152462107
79167039029
79166138451
79680728580
79854755889
79771470535
79853182145
79151234353
74953943711
74953383940
79165706013
79636105911
79262659685
74959155013
79167221622
79253458083
74957465936
74953818869
79150087501
74957480455
79162315388
79169352386
79265794487
79165850245
79687685263
79639793042
79168883330
79257488576
79672339330
74953486298
79684272191
79163269395
79067778008
79169151404
79261806508
74952405336
79037791869
79104363074
79260111280
79775400190
74993574472
79161252289
79162369738
79166855708
79773700960
74999089796
79169633212
79295827831
79651178785
79031087364
74992500572
79260276515
74953599434
79262142100
79263217535
79850336121
79063184078
79636552580
79175023105
79685310371
79853028086
79514839903
74956592042
79035629804
79057723991
79652888759
79037980568
79165040634
74953162717
79266719894
79032605407
79163397025
79032629827
74953421079
74957353098
79269145471
74992321104
74953446595
74953127197
79258205450
74992323590
79771375475
79035855232
74957144173
79162359741
79099387955
74956541760
74997863118
79204051113
79777512912
79262881202
79153063875
79252415063
79689569524
79645759107
79265712808
79096225890
74992452153
79853007803
74953434079
79104655905
79165369581
74959179272
79035332883
74957189106
74996148752
79261451608
74994013147
79032992824
79262802182
79772605993
74993208274
74953414914
74953958839
74991272132
79099976946
74953866824
78313077360
74991643224
79162524734
79154282117
79032721929
79263968763
79151915892
74953375969
74953420197
79104324618
74959843534
74953445625
79168780520
74952873002
79773160339
79032771260
79645303645
74997912612
79322001315
74953970194
79629144494
79166404148
79057526757
79268773448
79023164332
79261368086
79055088473
74953417060
79099854491
79851944608
74991207288
79152547342
79037885755
79260059140
79166487763
79263761234
79060823770
79251892668
79773393077
79261412532
79856333532
79031831441
74958671835
79167382008
79851954136
74953985884
79859087468
79299296688
79208949698
79162299722
79150082969
79253886344
74992323098
79154954090
79166235800
79032440991
79261019571
79166540348
74953414480
79262863923
79153927332
79151687213
74953886097
74991851832
79636975553
79653746265
79163098717
74992345378
74953475330
74953411165
79015170715
74957125944
79263949835
79261285648
79998473721
74953417025
79202758316
79153474885
74957817020
79854103422
79099068061
79857831769
74953168129
74989175580
79151541956
79266291333
79773561517
79035993629
79032277017
79262280101
79263791623
74953989068
79032209400
79035998981
79267087607
79055502999
74953423411
74957046950
79199990804
74994938966
79671400372
79161879807
79031334575
74956782775
79104794493
74953165195
74953403783
79168135888
79260755755
74953770830
79175078485
79166700745
79629468899
79851617159
79124212881
79037538837
74953421036
79859674147
74953138532
79152527389
79160777838
79031229124
74959517433
74991485359
79197231923
79031909823
79153097148
79036146380
79153996688
74953987901
74967527946
79685299964
74956559363
79250573138
79267158050
79162754901
79851468517
79854228225
79268889197
79165404422
79263150025
74993732909
79167922597
79255421074
79262209691
74953966412
79651860996
79251546565
79250020313
79036750805
79163197770
79152969046
79774973763
79152682801
79685054343
79175293597
79253562526
79254020629
79652910785
79152022919
74953552453
79684929843
79265641363
79267810846
79165107815
79256658545
79266266046
79295964681
74992322560
79688404086
79252299324
79265841226
79035985170
74953459648
74953966629
74955679900
79250856230
79299298657
74959572121
74997253117
79160330192
79853052395
79031266613
79169006667
79151779913
74953878086
79996799895
79161991916
79039745815
79031814516
79778136660
79651483620
74993234037
79267072078
74953510938
74953401382
79154478420
79067936399
74955425384
74952328775
79166476287
74992320402
79032243084
74956994609
79175945866
79670638806
79262881284
79162725799
79166963316
74991793547
79032674770
79637579332
79175551788
79151393935
79261069492
79268409292
79261760744
79057109758
79295892880
79772770307
74958671686
79266489404
79039792172
74953402465
79261111723
79175352755
79067093979
79268140705
79160270224
74953144830
74957037212
74993572864
79035237784
79055419199
74953410384
79261475350
79163392304
79262299596
79037773689
79091539282
74953554989
79104174496
79262162368
79169568985
74956559501
79852578875
79637721236
74996829998
74997253458
79037749641
78115352310
79099044494
79637605827
79169732736
79261850029
79997809863
79651975519
79151116766
79269558901
79152983818
74992323020
79263372998
79775168466
79680153838
79267057450
79197841949
79100065825
79998142791
79150426444
74953411618
79164617970
79150666219
79857234987
79851265088
79251561330
79035233778
79263989488
74955505034
79169708039
79855335040
79268500160
74953500183
79255313083
79056338934
74953458627
74953421295
79197687794
79160359469
79166495673
74955986516
79151621073
74959375347
79055971720
79152721995
74953498966
79299631970
79859871310
79167195697
74953426776
79161868227
79104562454
79262134272
79037424545
74953417788
79161820459
79223616306
74954441383
79161322080
74953449936
79268439674
79166606364
74953963649
79035786326
79168591088
79104490681
79166414178
79099942858
74959925617
79629087977
79161663722
74953404257
74991765546
79161020074
74953989828
79262657015
74993570945
74956558276
79251209050
74999951394
79623693169
79035358789
79168099894
74959817094
79265599673
74953467977
74957776085
79250282819
74953426820
74956458579
79031732188
79267009523
79037270570
79162369236
74953155238
74984811442
74967600265
79256742919
79161807718
74953427273
74957304433
79036255795
79267775553
79168754473
74956320201
79151402240
79037745213
74993571433
79672759215
74953162332
74992607153
79150872414
79067968411
74956431750
79168222131
74953418992
74956581455
79161750706
79169624161
74957714410
79165390065
79004833775
79166346494
79168001058
79168060424
74953424029
74957893040
74953409583
74955525903
79150909601
79266308579
74959825960
79154189894
79057145511
79858695878
79160374166
74953929867
79264609972
74956928387
74991732071
79670305262
79263705746
79772627278
79032466862
79778601709
79166669977
79150693787
79268162173
79680488048
74989175858
74952587667
79252487803
79267238193
74952251065
79854292618
74953962112
74953452740
79778990143
79772909890
79263051000
79263817958
79687937509
79261325647
79636246663
74956020006
79167954445
79175694724
79530900836
79163278937
79036673528
79263947025
79252452926
74953464954
74953776078
79636232513
79771173637
79160728658
74953431739
74953473345
79202514632
79257366237
79039647073
79175443464
79167018745
79099052200
79164456299
79169354459
74997233672
79266414722
74992331090
79035514638
79164686650
79153138820
79263416291
79686247201
79690156323
74993246027
79164498789
79169218322
79653635131
79261462283
79661222255
79255072853
74957178612
79166935727
79030041066
79017965630
74991977530
79857375014
79165289926
79031118157
79267475030
79299494742
79775867512
79776173861
74953418908
79685227667
79852124191
74956930785
74953491809
79629006376
74992010209
74953599721
79688244003
79169760197
79199664350
79037339704
74991779501
79296091192
79032443055
79031181207
79191053666
74959365291
74951252684
79252992809
74953820784
74957306601
74956274001
79261861579
74953446618
79151413228
74993561454
79266155014
79166103598
79266043707
79639717878
74956544484
74953653376
79263199332
79250963292
79255051253
79652349777
74957705947
79852333382
79031540012
79265766628
79250849543
79264754748
74992629495
74957128406
74953428042
79031895440
74955189633
79253266203
79262855425
79255992874
79160136494
74957879291
74953428719
79165185327
79037698189
79262277886
79652818797
79037007343
74952320107
79197212179
79031621819
74957974222
79296739881
79258412169
79689448266
79152334890
74991155817
79631010242
79686932352
79057170687
74995301974
74956605957
79165532030
74956171366
79672787634
79035237408
79258005260
79096601756
79670142323
79165153094
79851935639
74956297131
79104916640
79264933630
74991495351
79154263120
79651388323
78005551661
79778383755
74953531341
74953427846
79104543465
79161223688
79647222924
74955455855
79637507298
79854123957
74954236054
74953975088
74956736228
74956041880
74992322343
74953410770
79057256325
79267764939
79037368689
79035783648
74953477786
79160226494
79257721537
74952801471
74991789897
79268879918
74955492949
79121333403
79683709854
79254018968
79265739910
74953403187
74955505322
79167548247
79175341992
79263144333
79637538128
74953421483
79067358416
79210255850
74997213408
74956461437
74957775545
79857741516
79629521173
79057397679
79035656394
74991266370
79164270581
79175099837
79266202660
79060681749
79859932844
79098825067
74953595588
79671146847
79653153203
79046897288
79653162522
74953838751
79264230443
79175314375
79266235090
79037369929
79255313911
79162658362
79067447222
74872230486
79160172086
79299415222
79057403652
79856497031
79857746336
74992320208
79154445221
79037638587
79031893892
74997413243
79859093577
74953795317
79672265271
79096467733
79055583392
79163197155
79687837510
79266163202
79169623064
74959165211
74992340185
79067280911
74953969506
79776174255
79104540611
74956642584
79164896494
74959098217
79191091818
79859072492
79260101767
74953426936
74967620720
79167071825
79852400354
79686563387
79169063995
79660505454
79167466639
79264010630
79776175234
79162128066
79266241076
74953445750
79261810529
79623601321
79161322367
79091501717
79269546442
79057172000
79035910526
79263784704
79032887731
79262183337
74954701860
79261563296
74953421421
79031320351
79167359861
74991799716
74953416474
74954265138
74952760616
79265919876
74956796980
79999666883
74954070628
79263900440
74951337217
79859876086
79104900299
74992724038
79104634797
74958673500
74956678422
79253416384
74951500045
79060780345
79037292002
74959818484
74956655192
79265530840
79999253911
79299493003
79688138623
79152040766
74957098481
79164802271
79261765031
79164308119
74953936550
79163742160
74966440616
79017948161
79164063092
79175558968
79269632123
79036823870
79163959556
74959652339
74993246863
79611622326
79859993634
74992325936
79032578270
74959802498
79260010278
79035214061
79206137727
79263951982
79267532705
79169356245
79150050585
74953585246
74953953787
79265612709
74957972105
79653595528
79266632303
79295948684
79672410346
79854482726
79168473562
79688586016
79163216449
79261333359
79262127599
79163335761
79162343067
74956587020
79104875709
74957868080
79161940977
74956571443
74955509544
74959808770
79055561122
74957799125
74953952211
74991731827
74992320891
79779472387
79265645138
79260230696
74953404278
79160146130
79269806353
79169333952
79055653718
74953916859
74953969635
74957542583
74953418231
79165208715
74997805361
79163231898
79255438110
79164331026
79264506435
79250295829
79055928305
79777210299
79652926849
74953915629
79163833192
79268435544
79032165600
79163227417
79160287178
79168291984
79637285392
79162515458
79851279832
79032744416
79067078419
74957052507
79263794501
79154354164
74957154505
79645124352
74957111759
79168220917
74953922814
79778141049
79859982124
79037101631
79774906478
74959150851
79264949733
74957170274
74952871727
79037995002
79629212108
74992623243
79689424550
74957204900
79035588885
74952217711
79266926073
79651097231
79651783090
79151664979
79104447058
79259220949
79857578180
79162185739
74958671586
79773004871
74956038525
74952801859
79265928724
79167785000
79778180402
79672069522
79151007318
74957798364
79162308746
79166079946
74956782429
79266566797
79853654741
79257447880
74954190608
74953182817
79857752710
79645892323
74953429619
79251003884
74957807747
74953274089
74993578634
74956636677
79261780457
74754524075
79689613045
79032781351
74953408423
74957557840
79688781190
79031932566
79067367440
79251508565
74852524543
79776847181
79851410632
79260608887
74953425109
79067533630
74955437270
74952323708
79161915257
74953934509
79672172627
74956608800
79690510649
74999003342
79772980792
79036285686
79169171860
79164336473
79261980948
74953457594
74953967626
79036868530
79011837774
79197867601
79161273653
79154890475
79851697479
79091533998
79261423129
79163807456
79049022100
79854165171
79100136033
79160910804
79859550800
79852772120
79636039006
79169369210
79165321306
79637720843
79772991215
79773699326
74953960491
79057051213
79152810232
79160969773
79852114808
79672828266
79778485078
79197613420
79167229847
74957176607
74953274541
79258692255
79036639347
79104575690
79161024279
79257093973
79166305265
79151590730
79161484781
79039735058
79166160331
74953484488
79152022744
79268121590
79268262166
79651643753
79165277215
79032845513
79854371644
74991731289
74956588940
74959597243
74953959019
79265900629
79067856029
79032909621
79685954645
79032388656
79165207574
79296010315
79104350694
79772607325
79268600406
79167341677
79167122445
79035485269
79039695871
79267582616
79771174923
79776916968
79091521117
79265715064
74953499634
79167947671
79263002320
79037243731
79265194030
79104247588
79109420405
79262908495
79057061523
74959588063
79104322463
74959337300
74996644660
79162361003
74959891747
79263059379
79104443308
79150869477
79030032380
79032482625
74953419146
79651033441
79254858037
74994630594
74955802703
79265259656
79096917822
79851485868
79775752142
79646414804
79265727327
79031431560
74967529316
79259246197
74959382372
74999668414
79167066939
79295763234
79104540312
79163131753
79263646956
74953896733
78717119932
74956204796
79629991000
79175202829
79096579961
79055129143
74959116700
79160626991
74953939901
79636223621
74991252909
74956405218
79778041047
79266997663
74995178855
74959561973
74959814145
79772648756
74991252301
74992772458
79175922800
79262941506
74996780269
79261475677
79099238727
79269915415
79150109987
79165186664
79267183030
79163776367
74954190828
79265982514
79688356848
79265486405
74959370737
74952215320
79031256633
79154694745
79035392658
79267067355
79031816292
79852026783
74957156316
79661968690
79168410838
74953498496
79096954692
79036249462
74999782116
79169042071
79647253508
74953406953
79162077649
79165168410
79262362816
79163288359
79161346355
79265979930
79169416670
74999203208
79166299188
79175066732
79169128444
79853579191
79850557009
74953418692
79852631005
79151896603
79850343313
79252538766
74996782294
79167926771
79264171858
79999829303
79067009419
74997253297
79160614674
74953976846
79066296761
74956544238
79035529792
79035017790
79647049992
79067456463
79165438153
79166208653
79670000479
79261031535
79265550101
74953427244
79262309176
79154344990
79261714505
79254452481
79269887402
74992540586
79268513426
79037731358
79299568481
79031435480
79636397175
79035497372
79295511483
74957173881
79267393110
74955299209
79654050548
79152230841
79167157665
79268109948
79104587802
74953460065
74994240451
79268954160
79250438829
79853656892
79266693556
74953837145
79654472706
79153440720
79851137091
79671896333
74953680407
74958672247
79031955324
79261685867
79257500129
79067471228
74953925636
79168869063
79067072179
79035104702
79263945570
79154232424
74953962068
79262091771
74956559042
79169050823
74997211206
79637577901
74959899782
74952346520
79646420178
79031266264
79859582070
79663256267
79151273447
79037915557
79167927967
79175279285
74993249833
79261276844
79651623803
79260533370
74996150062
79253287989
74953984771
74953155494
79168559429
74956570945
74953462608
74956896866
74993080165
79853851202
79778086700
79263454653
79636645176
74991278454
79151419459
79266410075
79161051336
79265449263
79267602643
79854239450
79035478651
74957126600
79037920798
79651944015
79037169110
79055833192
74991776971
79775308852
74993572260
79661404966
79652023120
79262096261
79161057322
79250476688
79161422115
79266893814
74986964495
79057427174
79165102542
79167955678
79161431962
79161259233
79104815342
79153940534
79037601594
74957125213
79295936356
79663197548
79263717033
79997115203
79637708086
79035584663
79853138842
79295940994
79091567436
79263498640
79266430257
74953416057
74953990419
79645914152
79175023486
79163086963
74955492031
79166518430
79616807955
79653147530
79629665115
74955597956
79850809562
79166436761
74997431979
79031852772
74953437830
74956013438
79164874161
74996125408
79163492254
79672654868
79035963660
74956727837
79266410061
74954272488
79990953612
79299706911
74957127721
79168384808
79168541424
74993201546
79168127271
74991207153
79267261781
79688692118
74953969736
79859235492
79031167032
79166331638
79254727305
74953401886
79057458415
79031984884
74953925025
79778325285
79685438488
79169661032
79672929912
79104014897
79166544163
79152992840
79166574066
79168182350
79150987758
79099997583
74958673238
74953510039
79250708542
79266241593
74953465352
79036681707
79645896044
74953412493
79998188378
79164723843
79261349922
79163683833
79163898364
79653992477
79858332134
74956165227
79153337229
79265789598
74953423628
79161716772
79160431516
79035912902
79851817540
79163617622
74996191485
79165812813
79035777744
79262803542
79266038132
79671477007
74957171312
74956558924
74991737209
79168541426
74953487789
79265606444
79105804419
79161956032
79060585778
79162368992
74953487691
79645505383
79264209432
79096201889
79652655310
79091528133
79851882055
79099615682
74996167936
74953407141
79295879744
79168443556
79772557330
79772989190
74953462692
79263326927
79267220022
79261658839
74957149910
79160106559
79031078217
74953401140
74822514857
79152014277
79262660083
74991732032
79265584784
79162475890
79166038451
79629567028
79055060525
79035912843
74991975735
79262249075
74953483319
79161006907
79162641524
79162590473
79773004022
79256262818
79161467311
74953972727
79255111729
79175705104
79265294069
79253777256
79684045099
74991228040
79035944921
79257140006
79163460908
79096402537
79165486424
74991210960
79269824657
79175540590
79152455492
79167217212
79150443384
74991263952
74953330753
79166436050
79774470293
79167007973
79265511633
79262105740
74953968429
79164592072
79154011107
79055840058
79857754412
79167301709
79629511987
74952042798
79296123637
79096992999
79256099090
74953532422
79265885903
79030107647
79264805193
79032337529
74957136369
74957091891
79257586386
79160140737
79162228609
79671613098
79772610706
74953420615
79031829903
74999403534
79035083704
74953988007
74999236697
74953911026
79257907553
79779688414
74992321539
79267988063
74959876148
74957126973
79163099392
79653699491
79109316931
74957211957
74953931431
79265547328
74991672094
74992403304
79645340585
74959337347
79165080303
74953655125
79859877944
79037574604
79859229646
79055647327
79036634600
79057086551
79164194742
79164068368
79164839325
79039681570
79263514514
79251820414
79032558657
79104368171
79165295309
79773423862
79652954037
79162622282
79645249223
79262362247
74959290362
79175950404
74953508856
74956621212
79167401046
79166506436
79169540316
79037540955
74956545571
79251551561
79152098786
79265634380
79537350449
79153701114
79037621729
79680306609
74986573222
79857684818
79651692228
79067695486
74959563681
79266658145
79152862163
79637747274
79099354143
79091533019
79067421974
79104155744
79672593439
79154856975
79169910393
79175632767
79037993431
74953803541
79166847247
79067196744
79164639793
79096833487
79856191238
79266055639
74956947931
74953964693
74989175596
74957755615
79851603344
79031074230
79261780359
79778035315
79104460318
79168826482
79670905199
79266530666
79150535119
74952251940
79152305310
79262453809
74953963691
79652072417
79853512000
74957876913
79629269922
79175013491
79257102169
79104008328
79651515443
79857323272
74957832424
79671702115
74989175602
79164579280
74954009188
79646311148
74956601000
79263213121
79263061380
74956556908
79859246767
74991782932
74953415059
79774277271
74953256089
79857841384
74953414421
79262075633
74955004447
79150257924
79167353633
74954383151
79031748922
79166930303
79152603532
74993561819
79165228231
79653695157
79035014394
74953702603
74954690594
79037910099
79637708036
79776116557
79264334341
79031090497
79688309007
74953449264
79031285017
79265214366
79150988899
74953933657
79165273724
79169015120
79151738807
79637164121
79099295023
79104126563
74953489660
79060890368
79175460798
74953404754
79774391488
79777760103
74956656072
74953599650
79772810390
74959527684
79251022016
79031986198
79035427358
74996869998
74953429265
78005551295
74953491127
79251864682
74953223421
79167826053
74956041055
79267273878
79265198665
79037895898
79636791591
79167048552
79855545595
79154506650
79168115916
74997465814
74952801508
79164682628
79856435063
74956964926
79067257087
74956793146
74993578852
79039757618
79164007434
79652633431
74958173229
79162894022
74991485382
74953436604
79250675426
79639996634
74953838366
79684761515
79030179077
79165883103
74952850565
79251751573
79688220154
79295324961
79167251465
79264324342
79262795090
79254430721
79255983010
74959148512
74957178385
79166877767
74954568311
79684613836
74956476007
79852629609
79162592377
79680565005
79153547563
79166293507
74956962637
79162510130
79037488181
74957816772
79672727979
79168613146
79162588155
79164909197
74999224943
74953978733
79154360476
79150169276
74953492675
79854412326
74953409617
74957111027
74958672298
74953935833
79775528241
79689744777
79629731416
74957252724
74993170081
74959357064
79036660488
74955140211
74952322724
74955892115
79156911299
74959742260
79153901696
79857666443
79015467406
79032944482
79151116243
74953988184
74967975336
79257667051
74955648054
79055557741
79519034211
79265504556
79254726643
79163680752
79039606967
74991783427
74953418834
74995039327
79680301426
74956601849
79250038827
74953429938
79067844606
79037822330
79629765535
79166833775
79060873242
74957799466
79265268093
79037980303
74953408506
79267017406
79252620028
74956892232
79261122250
79670951628
79102542440
74953443655
79051330855
79859794324
74992323606
79671580609
74957147525
79166757531
79165300496
79263501048
79689241898
79032727663
79857653882
74957271950
79037726868
79255314749
79295233396
79261549080
74955985725
79169897357
79645550584
74953955061
79262880649
79164578702
79197771240
79039669810
74953454311
74953427025
79161523553
79296774488
79104274128
74953441748
79015364131
79060979089
79164652810
79258266520
79683217771
79163864283
79169721524
74953903631
79017998912
74951940580
79262786128
79265280058
79647670239
74953979679
74996140534
79266630402
79636351994
79629797247
79032046262
79859858559
79262115255
79852500950
79260111461
79165008246
79161157814
79104067965
79175785738
79857170719
79645927858
79646420120
74952807342
79154355380
74953401809
79680307141
79165394722
79067855106
79168449192
79167271312
79037631701
74997046671
79181896144
79031870975
79060927221
74952584534
79251749428
74955005762
79629049160
79166701923
79251269073
79091514893
74959523202
79166817107
79263821687
79267796821
74993564326
79257391511
74992322068
74996747350
74953424211
74953423474
74953973891
79265277745
79851745424
74953216934
79165181705
79260812918
74953409309
74992636144
79261127525
79263203790
74957487939
74952807663
79255009728
74992320180
79859236726
79263109337
79646249296
79256202083
79037209012
79207569118
74957099207
74997841072
79853417303
79169544202
79268155536
79165353840
74953500103
74986608500
79777239613
79055661438
79104364252
79160642726
79032858030
74997434488
79852333323
79853669905
79031320158
79852520062
74953413504
74953585195
74997854099
79037342410
74953552962
79773417561
78123187497
79166161545
79167016595
79104420273
79670328237
74952322378
79167069451
79162343008
79154875759
79672446428
79055339618
74953224192
79150973173
74956444440
79104808852
79160829117
79031989733
79851247747
79689555566
79154064590
79672956536
79262821545
79263426607
79166170574
79670587048
79103363336
79169594681
74952121295
79267344528
79161923350
74997255570
74996813356
79166923371
74993205250
79775191939
79252016733
74951031051
74991813843
79168439791
79031507837
79687840553
74992036120
79037415823
79169795115
74959654597
79262030829
74992385597
79096785573
74953429330
79261651668
79165976153
74992340065
79859059163
74992444195
79152521926
79037382108
79684777376
74953417131
79197649507
79857844670
79169005070
79031382766
79168517516
74957817010
74991728744
74953407613
79269960399
79660920239
74953418980
79160362034
79684359291
79036875272
79637104102
79161200006
79150099123
79263622504
79104772831
79647080002
79152921754
79250305245
79175650581
74953280486
79164097129
74953111597
79055811890
79163190461
79166097607
79636547787
79032435947
79160100557
79031817213
79104854037
79265294606
79153894050
79683784555
79265814119
79166831280
79031005895
74956234084
74956462788
79267117636
79162388057
79057178899
79037977386
79262849609
79260116596
79162918587
79260765520
79166276917
74953482218
79269051784
78005500500
79037578719
79850603619
74999209457
79151231604
79653314181
79161145834
79055302003
79031690118
74952215849
79169138462
79162173681
79264927659
79104804279
79175650487
79167850943
79850558989
74956518404
79257283373
79037876580
79150391625
79161299686
74953992697
79039608659
79032582261
79775113360
79778036050
74959370701
74991731731
79688244002
79265151617
74959885807
79269265492
79261505766
79850605175
79257448558
74953972211
79629602999
79166519920
79295624387
74957999062
79035283855
79660142011
79166576407
74953136859
74959812545
79653676986
79647005260
79252419357
79165164948
74953406788
79165569994
79857639252
74956888241
79851749493
79150077519
79261487107
79652733773
79851956602
79265582186
79258971304
74991673290
79854364090
79652410091
79169852570
79996761249
79773161523
74956808256
79296384275
74959597834
79264802473
74953422724
74992322130
79262365049
79856818566
74959842942
79267399093
74959807329
79269029122
74953536580
79851313484
79035264258
79167995466
74952807271
79031094905
79269420011
79164101913
79006209009
79036645174
74953959587
74955454114
79162429793
79671913699
79175224649
79165044060
79262118075
74955574533
78363287912
74958673255
79160192381
74953444429
79687972543
74955018446
79165588120
74991832796
79629656590
79175432338
79671719579
79175651371
74956795277
79036793117
79165757983
79165280764
74997215723
74957969306
79165649811
74953412994
79109135030
79268817175
74953587727
74953443129
79998477592
74957772601
79169413993
79851362322
79636780197
74953415649
79256070008
79265863764
74953427284
79255118007
74954366265
79688712621
79037951838
79161368768
79055529778
79251930605
79253231558
79161223333
79167401523
79175964477
74953415657
79268509967
79150132179
74956546456
79262659522
79057334788
74967530078
79251226729
79160117932
79852316755
79150917434
74992704870
79268011631
79031736762
79258288001
79032979184
79686511864
79165481868
74967580258
74953417292
79255652018
74953996306
79265191442
74991734739
79067855794
79636403269
74953402111
79263527238
74959142861
74953444292
74953492567
79855113111
79262480294
74986614005
79032584100
74953499042
79037180760
79250390709
74959212868
79261454758
74955891178
74992320782
79163089063
79637119210
79162249948
79167890362
74959573426
74959339989
79653924208
79060351928
74956172850
74953411843
79037425239
79099208182
79152635874
79269151215
79778696326
79035022183
74997270465
79257276027
74997024287
74953945638
79858476635
79037970449
79038266688
79037715659
79153465001
74957777526
79057498180
79151694551
79169211465
79031684888
79091539026
74956467516
79055481753
74955805697
79160891145
79660157935
79265526855
74991792068
79636894069
79161961512
79167712171
79031065215
74955877788
74997826821
74955792191
74992448507
79099341274
79261102049
79254807784
79257775524
74953426253
79165032595
79619696666
74991235867
79163485258
79262678971
79267178851
79253181898
79057777074
79856401891
79260194101
79859385149
74991783863
74953426249
79167185414
79263717061
79037624341
79260234388
79099090919
79156928623
79055247742
79263613106
79257317361
79653752359
79161348524
79654164939
74953192113
79262677971
79651280888
79030148686
79264145747
79032436527
79066620868
74957799755
79253760490
79645240796
74953984886
79096332622
79255146601
74953416525
74953016594
74993740077
79262353789
79104756003
79037503276
79153000373
79166086785
79166412003
79295950440
79162646679
79854263228
79055620265
79166743482
74957051430
79167438382
79852844860
79165894268
79851630464
79299939451
79663235039
79773748854
74996517201
79164991018
79639678069
79100009192
74997222066
74954272721
79772561601
79262127746
79257984144
74994935240
79067445008
74993176088
79175370990
79262289790
79257706222
74953588454
79774396803
79162053171
74953989832
79253562023
79091537476
79152016802
79265595900
79262674435
79168890361
79057218190
79161705825
79067898024
79264772724
79264124500
79998770610
79652183448
79660283960
79163637706
74953415918
79030113348
79031779425
79161104263
79295514180
79251333497
79166142505
74991432316
79175371770
79161943373
74953973200
79636829662
79995998089
79166124168
79774599039
79151318080
79166447398
74872484903
79165341636
79258303837
79032629818
79661306986
79037236377
79858999321
79629604647
79773562959
79030188580
79261808841
79255434808
79256658715
79154695549
79067213218
79091692148
79267875590
74953412227
79652516116
79104846292
79645157447
79257930004
79161140670
79169744700
79264947267
74953117200
79853836045
79263157353
74992653239
79175178467
74957053024
79154938746
79037409801
79250052200
79057592674
74992726999
79150005152
79858009186
79154312746
74991240632
79999838935
79162397980
79261071555
79055257475
79159722167
79055688151
79057002599
74997213027
79055572179
74991791735
74953181185
79647948000
79163266645
74994080452
74954221964
79772968140
79636544123
74953791380
79104340292
74953459458
79269792000
79254509155
79031892469
79030015474
79154505442
79197247537
79265729375
79104308628
79168827071
79162406777
79253070565
79264112074
79268690842
79151310355
74959301766
79773418133
79153051006
79857624738
79160404773
74991789039
79250031320
79153625410
79175592634
79035827727
79036836068
79651781995
79168312395
79265962675
79852242878
79776553569
79161166340
79055179033
74953975737
79165012207
79652947711
79262725112
79164783678
79057092431
79857605599
79161549397
79099488850
79857626644
79857740027
79850956789
79652664298
79773719198
79672571585
79775466575
79852459999
79057487626
79263756906
74956151163
79031230142
79852269545
79269798903
79036860372
79150847483
79163272841
74997214928
79252597435
74992328333
79163833734
74991452544
74953423465
79645261190
79663662011
79197785698
79099014009
79257209278
79166786573
79169130811
79250911272
79164238338
79032998686
79153673713
79689455341
79686152799
79057216755
79153927949
79055731898
79647880004
79037797920
79645042338
79652772455
79197229974
79260413838
79154331786
79099371146
79258806357
74954228467
74953436458
79031656465
79160685917
79035792496
79661303033
79778626324
79159750190
79691238444
79057012742
79257922892
79265827184
79055798956
74951940378
79268118187
79684725998
79162834327
74958671253
74953936911
79261895909
74992320195
74953867569
74954348359
79036765525
79036796676
74953429803
74999410957
79150279653
74953423530
79777254770
79151748304
79629908075
79250645652
79165393684
79260658373
79266690464
79166933852
79851757914
79037194037
79152936810
74957716007
79671917799
79261356213
74954662400
79015779911
79773299612
79653320055
79162030233
74957165774
79688983456
79060499489
79160879538
79168140334
74953962874
79067866807
79859240385
79032926320
79169182588
79672672679
79261499429
79852223983
79269889582
74953492360
79266229688
79035176335
79264838223
79104576116
79773940364
79057422895
79151152665
79031927101
74953060261
79163626444
74991932961
79263253505
79104848499
79104292214
79773901776
79166846133
79161811675
79636566486
79037782568
79161143929
79689569064
79262325769
74957027450
79035102103
74953414871
74953165183
79265242595
74953965258
74956193817
79037236349
79258866924
79168115615
79163667847
79152125224
79175145248
79159839306
79169987661
74991797239
79150336605
79670030222
79687457299
79107833677
74953412843
79167104203
79031679525
79296653607
74957378643
74953833829
79096461065
79104064002
79055580189
79167307479
74997410389
74953421801
79266545434
74957013350
74953989056
79199661153
74955648823
79167667343
74957807351
74956548152
74994002532
74992340289
74992511210
79152164554
74967645553
74953491591
79035301514
74953971172
74967900038
79299507434
79998449742
74957481098
79104844347
79251940066
79262144966
79104491268
79161260203
74953490093
79260955925
74996526000
79258356174
74953427706
74996854193
74957896202
74953511388
74958490962
79257315191
79060633300
74959577500
79153005744
74954229701
79055728712
79262396036
79851060804
79859101648
79268293436
79031402833
79156272835
79653133411
74953930404
79670562308
79150560105
79162778434
74956371597
74992528258
74957973201
74959372737
74953654041
79263238689
79268660144
74953945977
79152265143
74959840656
79104170388
79150508939
79152854253
79163104425
79163241873
74957870597
74953958437
79775116924
79030167463
74957973814
74992322008
79670122588
79104520459
74956450160
79150219860
74956403640
79651655261
79258080686
79161516298
79167425717
74956243957
79265940795
74953411577
79175329122
79168579494
79261644834
79998336862
74953422082
79160681222
79683650017
79099273514
79167542356
79379795972
79258323993
79037994313
79859861155
74957308010
74955141015
79104705846
74958490973
74955805696
79772577600
79153406534
74957110899
79096388592
79163571748
79031465464
74952292939
79151397580
79031003832
74957180651
79035353898
79104148269
79263365576
79037881857
74996491969
79260895245
73912906272
79169368146
79030037793
79660289513
79636549889
74953414723
79267965049
79645624142
74956407671
79264534435
74959255012
74953454668
74953920241
79166754523
74953506408
74953415964
79031274405
74957853311
74956206269
74957168689
74957178793
79251553676
79163515621
79057924293
79161861072
79032182449
79037223330
79680317667
79166224877
74953400550
79163221797
74996083438
79777494031
79265249386
79104232830
79163000398
79852403668
74953486195
79680810738
74953348283
79163078063
79165072840
79055298680
79167350686
79037826975
79858883346
79629789114
74967647053
74954444157
79169280288
74957152782
79686840556
79257419651
79261087493
74953412553
79264488331
74957102195
79104304253
79266062407
79055092829
79689219800
74993566926
74955492263
79154816329
74953488939
79250067270
79031559696
79168200762
79263269158
74991866471
79299940917
79260133457
79167797470
79295980323
79151165565
74955833855
74955241181
74955422045
79852818757
79057310075
79663841277
79263254797
79687434492
74953408370
79263932172
79169999676
74953420781
79161157630
79104028445
74953520597
74956480111
79266034141
74957799391
79165010870
74992321297
79167711234
79647605991
79104893933
79169220732
79265657337
79032275254
79685333484
79267838863
79670155898
74992491715
74999438436
79265325572
74954190826
79032012421
74959147538
79166767815
79160697702
74956034035
74956558707
79858955460
79197709794
79031953349
79258738835
74954235897
79689215476
79775704237
79057886736
74997412540
79166564172
79252257691
79032947427
79197273848
74997427175
79267697898
74957106067
79032387308
79055599718
79067021816
79152839935
79057777332
74953421365
79261125856
74953417739
79261439942
79253188770
79269917404
79153597255
79032273010
74957899525
79261358918
79067812410
74956609152
79269230236
74953413153
79255856250
74953471227
74952214122
74957300777
79265592126
79169314088
79175129970
74959409098
79164899899
79104396864
79165412384
74956909559
79006511166
79653395800
79264792429
74953481521
79859697514
79160510886
79652675561
79645669820
79651156000
79032794772
79636397964
74957519322
74999041621
79164964515
79169257434
79163645601
79262408356
79161910481
79166287957
74995000005
74957880879
74957757900
79265815981
74999293262
74957854722
74953448601
74953195443
79267191905
79169150928
79636172082
79160563513
79255094426
79857047385
79265923541
74956605506
79057490809
79055338121
79263384911
79153734317
79168140337
79774602551
79162318747
79037920199
79629664218
79031412131
79265504763
79853342554
79261800549
79265334689
79684439988
79653921538
74957306220
79165188311
74957706675
74956655600
79670475718
79161596704
74952313040
74967900037
79653243042
79998787724
79687925570
74953847818
79037307800
79778337760
79039781375
74993739493
79774974340
74953960790
79852982200
74955545388
79150168563
79162019684
79057380947
79165059831
74991698867
74992777777
79163686053
74957177375
79067106030
74957834600
79100037835
79169126813
79999885284
79153344518
74953939724
74991782025
79261244443
74992324614
79039690898
74959848327
74953395773
79253559492
74956603916
79035443546
79162295152
79153590752
79268982760
79169068512
74953440544
79104012808
79057538841
74993209821
79265267325
79160673734
79035048915
79031052216
79037651115
79629362216
74994810115
79685497488
79262099314
79265220593
79268889233
79265736832
79104714827
74991724437
79169635614
79104411595
79099564123
79857670211
79296707020
79265795025
74997412912
79152933889
79031031115
79151487118
79295908607
79629444028
79157516889
79852134883
79268949149
79296409943
79165361149
79161119211
74953423401
79055758287
74953138360
74953427170
79166256169
74993200716
74953982982
74953953070
74992005364
79167096408
79099328181
74996827006
79671234264
79165030312
79017965708
74959547480
79661230948
79850467487
74952342651
79857723087
74954248267
79164532137
79168329968
79852172213
79169000959
79267095939
79671428837
79163405620
74954228408
74956076930
74956678209
79258833035
74953435234
79258459240
79032284530
79262313221
79100045718
74953445564
79855126344
74953973176
74993577785
79268799361
79261578564
74993248649
79175042158
79260272909
74957847733
79672896513
79852801717
74953412284
74953539745
79991135017
79636090918
79150274674
74997423994
79857171578
74957830214
79626182617
74991348654
79035694669
79266777805
79032330336
79851481791
74953414510
79165434651
79645253567
79261255799
79154535837
79637583700
74991106105
74953407729
79254378115
79258214738
79638335088
79653868006
79167421784
74953167727
79250037833
79629237362
79031656543
74995570470
74955805213
79263088668
79251769910
79037330883
74951508585
79104918717
74955500237
79265566977
79169030984
79268866778
79175774848
74956765733
79859569650
74992360300
79175175479
74956482949
79663270322
74953137990
74957775738
79652500093
74953139816
74957851700
79661708401
74956576595
79853648182
79055580120
79057615070
74996775389
79035812225
79104665274
79265779035
79161958380
79060682294
79264600283
74953442989
79262530507
79253900188
79199986980
79060328772
79645200135
79104382197
79686836001
79964310165
79165571794
79251334801
79169559937
79154986706
74997253320
79037991996
79169857199
79266674894
79161946525
79264963855
79032443615
79267533083
79037071133
79169105225
79163305243
79096277959
74999728499
74957896199
74953353169
74996494648
79859919585
79167799420
79169556593
79032503379
79850058650
74953462433
79269901603
74955404302
79264748489
74951034004
79251112238
79151307316
73887000362
79637113290
79150049443
79263617209
79261964774
74992322926
74997077204
79164040579
79175724537
79268309219
79261156634
79296398615
79167569696
79031409080
79104838976
79107434849
79262743992
74953471970
74996183367
79256134512
79164300905
79036127762
79166179010
74957754880
79032041645
74992340557
79265602036
74953426163
79165860921
79151281509
74957556562
79254521152
79250944502
79267004377
74953227878
79163890199
74953592720
79166216558
79161235672
79265849161
74992324654
74953272859
74959578000
79035394724
79262885855
74953412594
79859833986
74996128992
79685969493
79261352374
74956806808
74997814298
79857631027
79263881592
79164648230
79262355646
74957805190
79672159298
79035757156
79622932629
79859666684
79037157419
79151361684
74967505945
79263388744
79253977067
74959896558
74959830377
79653983628
74956790236
79192680908
79251936554
79772813053
79166853698
79150760297
74953420424
79774592868
74991323512
79191006805
79263737294
79057971077
74958673234
74993224031
79778481655
79257648042
74992732052
79166977105
74987675511
79166862880
79152395139
79268969997
74953423029
79852650511
74991239082
79253847195
74956827717
79035566224
74992344390
79032889538
79067466669
79165027927
79663284648
79151700066
74953851157
79252251816
79261661140
79037121958
74953968646
79261033726
79060595557
74994033773
79031581733
79166726389
79652500616
79261418454
79629732114
79161352429
74992355028
79852122272
74992340507
79030009702
74992320347
79167073805
74953220523
79779420650
74953444105
79164723159
74953420082
74953403941
74959185227
79161826987
79295707027
79161548511
79150332386
74996169541
79998609585
79262911809
79851196983
74956716891
79160806887
79268080520
74959548052
79636361562
79296559838
79037984371
74956210846
74952343034
79645341111
79852220314
78469736000
74953401727
79162268260
74997440662
74957558595
79164907371
74957115044
79250969321
79773393646
79055961713
74953418003
79251688496
74956251473
79859868530
74957755505
74997239151
79031001164
79169682688
74956607190
74953845276
79267773149
74997827027
79264501450
74954695378
79657318718
79773360060
79266500402
79166850111
74956270183
79036120330
79296302128
79254996404
74955179379
79268913676
74956790796
79035800631
79152036497
79263737785
79777571702
79672468633
74956877379
79037959983
74954190624
74954190320
79259414800
79168695321
79162443555
79639957636
74956221482
74997626253
79057516439
79841999000
79853114334
79688841387
79031487681
74957018465
74953275622
79057475375
79250011414
74956654566
74956600757
79262211275
79165509406
79152203044
79251740222
79032870623
74957872749
79854114398
79057406745
74959165616
79037451147
79262953543
74956248530
74956941000
74991631878
74987421582
74953550364
79265979574
78668599552
79163731734
79035134838
79197732029
79036679994
79296685200
79256284535
79258880455
79031389054
79265406356
79258936851
79629886838
79266568460
74957050807
79250051221
79055259389
79260354777
74953952112
79163939468
74957534470
79263827495
79261735353
79169301500
74953413291
79252226388
79163075370
79856627508
74997841667
79163495504
74991286508
79688677177
79160119097
79165430416
79688789356
79031675145
79165746843
79154903239
79269307605
79037717980
79850172927
79267189540
79031613113
79035744645
79269520552
79684041943
79151728121
79167438538
74997252952
79162185423
79263537739
74957031566
74953953505
79262790767
79251808707
79859162179
74957123919
74953420049
74953947903
79147673691
79163828168
79154751772
74953958697
79162409503
79035288649
74956830560
74959568850
79653419250
74953404035
79199991080
79060666362
79778047208
79166665076
74997253839
74993561901
79031175679
74992325120
74953423712
74953321868
79163218324
79104598037
79067304060
74953518769
79295555111
79161018024
79165724600
79067433202
79265873212
79032173599
74992340313
79035271888
79856459248
74959210220
79031036845
79268889365
79999006448
74953506214
74952231027
79629696042
74957799748
79670232253
79852204260
79162885538
79175550902
79031093520
79851844646
79036220752
79647829282
74953426683
79031299398
79031472297
79853301929
79163795516
79166202542
79162016441
79637220913
79775308534
79161403141
79653057323
79153857088
79267517809
79104935127
79032130864
79163772635
79268903616
79032874362
74953996646
74997411219
79686691281
74953422311
79660985115
79057908616
79035568100
79091685562
79268396115
79224308415
79161151654
74953424030
74953402026
79036734489
79859804075
74957799216
79168216828
74956030281
79166748356
74953449391
79672989121
79032913080
79671421673
79037316675
74954223524
79639991166
79855630456
79261583938
74953418769
74953401687
79169344602
79262734399
79163049194
79652652651
79031575673
79091584295
79067850197
79852614110
79104344474
79099544648
79772829434
79036230937
79031194844
79037920710
79299060398
79160401942
74953967583
79165503062
74953402686
74958670083
79168826570
79099408815
79164373316
79151423773
79261839688
79167736622
79036678529
79099751075
79166005359
79775703873
79036164518
79257305550
74953978071
74958172014
79266215196
79151134923
79036194017
74999221239
79688831244
74993207431
79776039701
79165136302
79266446400
79037720969
79099788887
79161617360
79261644609
79685034075
74956547593
74953487584
79165945806
79060675613
79031002106
79261752660
79055422489
79262069977
79160772656
79263148598
79166513146
74997412109
79859242010
79067357475
79099660921
74954174613
79165332910
74952256340
79777163613
79099175356
79166104866
79161938433
79686666997
79253534484
74953968737
79166004528
79163691617
79262209716
79168393857
79265750556
79096300915
79253837677
79265595524
74954356221
79263395332
79051782344
79163833884
74953975472
79168206330
79645054555
74953680713
79096422646
79262735114
79269845944
79773491907
74959443237
79067289727
74953401754
79253830821
79261047141
79039629242
79258885502
79161750406
79096551487
79776175192
74993247578
79773999264
74987214502
79265778199
74953871687
74953496807
74953460875
74953405302
79258050070
79164078060
79152126161
79992777775
74953135235
79268382283
74953151150
79652733392
79161680348
79261689337
79859080630
79855540554
79261779489
79296216491
74953557396
79032209658
79057820678
79167926341
