74993736971
79169725342
79652947711
74967547141
79262603049
79269274442
79109693656
79261578408
79104078437
79104066085
79163473080
79164335556
79266828609
79262767700
79689441943
79646284219
79153467394
79268034164
79260301733
79037270570
79263057275
79645820038
79653822184
79851353706
74957137709
79096954692
74953410403
79263741250
74957804814
79610022783
79858296141
79035455616
74953302532
79164317306
74954442368
74953295519
74953419394
79261554838
79162809763
79261977061
74957136347
79037411973
74953419232
74951324248
79099381398
74953954302
74959959545
79263530366
79252756099
74953927986
79154182539
79670606808
79169662325
74956637486
79250029936
79035642132
74957191420
79168444120
79091539026
79646382442
79296299731
79031516602
74953493695
74956293523
74959831882
79150441238
74994901794
79161624564
79776847159
79165261000
79166959992
79856908521
79164437307
74952814504
79299415222
79265815981
79852339782
74952323211
79104946590
79645050017
79175964477
74993575752
79258862280
79104444307
74954229183
79773412652
79266229184
79055827621
74957251086
79168226740
74999668414
74952801132
79652500093
79151990606
74953714971
74956414008
78005550762
79637770188
79150569639
79032775302
79100006760
74956849769
79771003220
74956583938
79161475244
74953411412
79032609343
79104764523
79152750694
79265270114
79653978494
79032468574
79255294105
74957758048
79660386542
79037924428
79254225842
79099127898
79032605407
79166173410
79263238689
79161636942
74959375347
79057724627
79030149642
79263958403
79990991685
79851825269
79773399585
79859637008
79167325114
74994886249
74994004040
79175701716
79262863385
79160633971
79262280101
79775496441
79035777910
74956592325
79263075501
79266053662
79060760733
79032572100
79031088845
79256381959
74952122720
74953452290
79268265040
79604705555
79775866185
79104561690
79165891621
79164268514
79160692771
79611562535
79067356383
79629806720
79260602473
79636645176
79969793581
74991754408
74953539745
79035539343
79104466530
74953408927
79150684056
79854130794
79264707397
79260982611
79206125455
79154367728
79039738586
79035410325
74967573420
79165906253
79037911279
79104463077
74957145639
79037717276
79167753605
79166978044
79647829282
79163267074
79776175192
79031595359
79067501819
74954341864
79168186008
79037503813
79268909960
79015435111
79266194286
74951628169
79168385232
79096790579
79151473918
79160742668
79162889763
79162668771
79164115675
74992685544
79150697255
74953990201
74958670870
74967695552
79260782334
79104024995
79253179551
79258094825
79161362807
79037299680
79150958053
79261090139
79154801287
79264395680
79163914302
79654340004
74953921834
79060690606
79161659907
74953409822
79166023564
79151599807
79036771767
79031542995
79057050432
79161716528
79162173681
79151001033
79266254110
74953255838
79175350062
79166555099
79163105858
79039603889
79055375379
79037946649
79771337167
79031001232
79161504597
79268309219
79651518080
79262915161
79165706013
79260827608
79858003575
79857720073
79057403652
79166428589
79151485916
79268229371
79104779013
74957125213
79165834120
79060991734
79057216755
79267318848
79299936280
79270663688
79168061616
74953989056
74953936002
79031414876
79166624234
79151891253
79652658282
79096986867
79032115513
79160569367
79258447792
79160077740
74994240018
79268644273
74991407653
74953407487
79031603841
79645048613
79031910447
74953962600
74959367682
79252620028
79151318080
79160075700
74953089046
74953488184
74953582129
79262381408
79151729042
74957799216
79207576457
79859387671
79859208416
74954444157
79267906887
79168883330
79163905318
79057514801
79067747640
79067721624
79663870387
79265919148
79151615886
79169976959
79269074619
74953412735
79153502079
79151272692
79654489188
79777023476
79670975814
74959819709
79262229502
74953418771
79160563256
79671719579
74957794052
74953400692
79296276459
79152783926
79057868222
79264651833
79099486258
79057092431
79854573405
79168332920
79169327128
79035674875
79104752653
79150603892
79262238008
74953995561
79139449912
79057705229
79166093730
79266338796
79774293938
79031634137
79654215906
79167398982
79268685825
79169257434
79685131959
79262641900
79163533649
79165400413
79035003375
79150521492
79998742674
79096938683
79037601594
79263631128
79164273958
79269159589
79067284440
79151205425
79167327921
79255076749
79151393935
79169276602
74953453697
79296200026
79859183440
79266647866
79099723076
79779218723
74955834399
79037256619
79168145984
79163867770
74967623403
79267633489
79258284189
79032777934
79057517990
79259395656
79168023578
74967693596
79688244003
74953401231
74957179549
79104271381
79774730460
79859576298
79035949451
79057617071
79035646816
79269788719
79997170916
79856160525
79256539134
79998426277
79251506871
79150968121
74993206481
79687037818
74953974133
79167156666
79629665115
79647805086
79647710078
79104611381
79104469655
79637502687
79099379420
79057058389
79162228609
79646322178
79162102712
79032318870
79162700456
79262067788
74953955320
79055324488
79199977715
79250755074
79688872438
79055450267
79852732303
79261179669
74953979375
79055653718
79167667343
79254245151
74953897879
79168206330
79163436826
79263209656
79032021089
79629265224
74953424392
79266913021
74953936215
79651640128
74953460065
79152582140
74953412803
74953916538
79853071007
79250751085
79257721537
79096881743
79161422115
74953163693
74959428200
79663870077
79269904455
79060932999
74953982782
79037970060
79265714637
79263260955
74953830436
79166640990
79152120172
79154496054
79851279832
79258627858
74953446241
79684891819
79031964583
79253656015
79175893366
79031316259
79260218888
79265262935
79168300195
74953406430
79266914921
79261016415
74997431104
79265746123
79850945868
79162140243
79030188521
79151119100
79263636045
79031262650
79265949192
79773363076
79268631647
79151315958
79166936581
74953417002
79037773393
79266253362
79099895383
74953409290
79162390360
79056654040
74994634883
79265683251
74953120736
74953212480
79162881837
79055511885
79636745826
79778579608
79263295439
79855634803
79296774488
79060733458
79261499121
74957324973
79153111111
79166775785
79162474702
79262720645
74953446212
79854205013
79687164455
79859119879
79037483851
79853391577
79260393495
79854185081
79165030415
79154987121
79269102133
79057234336
79856248024
79163218324
79680765684
79162005888
79166441042
74996161462
79263705746
79167139420
79268911800
74956237349
74954128759
79055225946
74991735443
79684093014
79166864018
79153554388
79104294643
79169682688
79091605723
79035034067
79039798688
74992500742
79032738481
74992527348
79160642726
79031856865
79854655198
79857744538
79652241137
79250333403
74959157387
74957778200
79251859595
74997832369
79672727979
79852298239
79162991100
79268297058
74953364285
79263396860
79162201512
79999743714
74955500207
79035787575
79771193735
79104451129
79254757810
79851785055
74997426249
79161277964
74956041055
74967530066
79671077498
79036639347
74956888968
79169220299
79263589808
79151397580
79055586465
79262861790
79150219860
74995801000
79104601436
74956796117
79771381828
79267170357
74993248720
74953901861
74956796764
79163731734
74952236005
74956633811
74956808256
79267990019
79032875577
79164271692
79164715552
79773396887
79264221488
74953355161
79032119171
79036716381
79163811872
79164033878
79032407048
79652662663
79039695362
79099544648
79260669888
79851805396
79035523352
79039770210
79055447597
79031627425
79262875070
79055523195
74956458405
79252784443
79683796626
74996488184
79262056340
79197295244
79160762078
79261857972
79067193651
79857745704
74953455078
79160947556
79153460165
79267637710
79152898771
74932388978
79261031754
79161175046
79031327168
79057527480
74952867484
79262680505
74994582501
79263498862
74959824371
79032535638
74957161521
79264013376
79267512715
79774239989
79778044662
74997860887
79686203791
79262588124
79295411700
74959876550
79039791135
79099495849
74956543523
79055551551
74956497855
79262674435
79175796543
79165150777
79163031777
79778683507
79268299210
74953511176
79153902152
74999990855
79060992626
79262905090
74953421279
79251001041
79257941315
79066437799
79689797202
79035508303
79262047807
79066620868
79162100666
74957333983
79164527766
79859350527
74953968592
79168490835
79267163453
74967683232
79251973016
74957032303
79169667672
79167788353
74953494639
79256803373
79296112440
74959588383
79166652404
74953664872
79258701959
79168430000
79163406414
79853954985
74953316392
74953044178
79165553607
79265262953
79166089908
79152364329
79856876678
79253562526
79031648327
79772614656
74953420082
79374060307
79672406600
79165510418
79260327086
79507543586
74952328775
74997252773
74953997253
74986651166
79854516022
74957805500
79264170761
79778805563
74953426776
74953391471
79032222171
79773364711
79672910431
79017050381
79031654688
79031955324
79165867836
79099975159
79151416289
79255920890
79166842792
79061527428
74997276320
79163333580
79255890771
79036757511
79778512268
79268753556
79672126197
74953417672
79260830055
79771778374
79166208653
79859096322
74953470641
79261716807
79258393964
79162451404
79197747219
79191000333
79091653141
79167538709
79261734119
79774918598
79037902388
74953427170
74997411095
79060467799
79175431129
74953969506
74991358482
79037378241
79264745592
79168542791
79999609852
79670173648
74953463326
79166551786
74993242291
79037246765
79100132912
79264291129
79645159022
79251810208
79169443949
74997461632
79163387682
74959516766
79999728422
79654237378
74953133994
74991240691
79057526757
74953329317
79774443167
79152445066
74956782429
74959899716
74953444908
79263798545
74991793930
79771960000
79636262986
79035146808
79161169774
74955320406
74991793011
79166397067
79636706701
79164765254
74986842117
74997024403
79647910432
79686420116
79150973032
79067742677
79266333421
79057382601
79854742814
79165627847
74956459289
79060906311
79031641501
79035427365
79265724350
79263500191
74957116198
79269889582
74957755917
79254700500
79035029830
74999998000
79169108214
79261552017
79857171578
79107179000
79116221534
74992183148
79163160444
79264819298
74953429619
74957013574
74959266097
79647659385
79852572056
79261333359
79258439853
74953749615
79645691389
79036693184
74953411579
79166858340
74991545400
79262091440
79264913390
74953969250
79165831197
74952781101
79067548485
79652579539
74953427184
79162019684
79671319982
79099199971
74991287357
79031970451
79255308485
79166513146
79161744287
79150536747
74992750663
79163198685
79166111314
79265299100
79268810470
79266669240
79998787724
79166781768
74997419422
79254469856
79857412263
79153305936
79645267000
79256647648
74956584621
79251558925
79031689260
79118154463
79778711618
79772591074
74954415287
79265873212
79651280923
79852912921
74992556843
79629861331
79258928883
79153338457
74992324387
79162430053
79671791885
79039798180
79772608223
79776625517
79683775508
79162345296
74955585998
79611112042
79266614458
79269189097
79164152825
74991751505
79060992656
74992535380
79167045675
79990022696
74996530128
79099541628
79262588525
79035370359
79032155286
79998148863
79090175515
79855207337
79686714159
79161919026
74992322504
74953415630
79296469402
79999232120
79166358683
79163264802
79037961860
79261703772
79264442232
79261880144
79772608263
79035718286
79163481988
79267562296
79162308825
79057223929
79057800836
79774442195
79166512981
79067948245
79096714098
79266229688
79852171575
79653583094
79262368309
79776100779
79175363112
79296791209
74957534470
79685630608
79164353043
74992130281
79161610964
79104186101
79663130735
74956583671
79636049737
79031960113
79295535343
79267086099
79685334075
79175023486
79637504557
79850951414
74956913740
74958672626
79998201369
79104228257
74953985477
79169175466
74953981488
79100009578
79169926492
74992703139
74967614978
74955353249
74959883488
74993735574
74953501273
74953425788
74952520190
79263888739
79192687047
74954569719
79153067056
74967965409
74992717741
79169057376
79153578539
79686342027
79264788745
79035422936
74959888402
79777278846
74953149707
74959334797
79262206430
79164939353
79260485578
79153526816
74953939452
79015194831
74953951004
79031122551
74957774183
74952218699
79585644914
79037209012
79104705846
79269213961
79251749428
79152006262
79623693169
74956751636
79772557174
79165059831
74957177375
79775708440
79031509153
79653551686
79265900629
74952239696
79652420726
79161376296
79031078217
79260720802
74957374140
79067544386
79686671547
74955497520
74953421647
79857680568
79852657006
79067023444
79645519257
79263289475
79035090707
79255173929
79032543319
74953064695
74953428807
79671550372
79670709828
79031003832
79262321999
79057772499
79265105001
79175023105
74952253325
74991633179
79269882388
79264470721
79104295093
79166886571
79653198721
74957113909
79031327788
79168116035
79264400513
74997937164
79150555444
79779306781
79030079877
79853075055
79165543698
74997254127
79167325655
79163331021
79852609949
79266850068
79999632176
79166963316
79773719220
79167476347
79851603344
79166148517
79175008353
79265179366
79035912843
79858985878
79035267076
79850021501
79057664494
74959503851
79037551215
79165689548
79267033042
74953422688
79067177732
79260274949
79255377651
79266707541
79636420021
79168056353
74952147579
74957976084
79779032188
74959937507
79262534716
79264945935
79168081668
74872525544
74957830143
74991382018
74997536102
74991727463
79035306266
79852985248
79037299147
79295035272
79057256325
79060823770
74957775742
74953457594
79778542283
79164849819
79251882444
79299894691
74957128074
78005553535
74952368014
79265380828
79160282608
79774406162
79168226539
79852216609
79162077649
79260854767
79057356030
79162622282
79296464226
79175524690
79653839121
79299404313
74993245793
79267371235
79166001065
79652399099
79252220054
79265941615
79645963292
79264665201
79162939373
79266613242
79657002428
74952281596
74953481696
79772789264
74953428269
79036740987
79852124191
79775717924
79169646411
74956458240
79772518482
74957813174
79167947671
79031876425
79151419459
79850564045
79151888255
74997667083
79161286631
74956605957
79859916145
79164076871
74959502800
79175789437
74996770399
79262223334
79150012398
79166022369
74954250569
79032028371
79670943435
79163777604
79037964610
79037091161
74993332494
74992321141
74955027929
79266650080
79252020639
79853381402
79258337782
79166906031
79778507092
79299606393
79777714678
79166492131
79672814864
74959370701
79265809252
79261471953
79850494978
79260080575
79259055336
79264716325
79857995880
79651256737
79257896061
79262354181
79169257929
79169049062
79150642600
74993335503
79267506101
79671271837
79267773149
79031771080
74957705938
79099353121
79031631351
79773410543
74997432229
74953215023
79857602953
79262531471
79152014277
79154344990
79299199904
74958673083
79035110512
79165683509
79250791749
79168101726
79296010165
79858062155
79684388952
79661176182
79647295088
79647039623
74953614629
79175502561
79251347574
79039759356
79772614450
79260347772
79253430178
79166101137
79250495224
74953972768
74991971550
79253416384
79637536962
79031589815
74953473909
79166540348
79774624118
79104527268
79992210428
79031622248
79165463839
79772823185
79035992702
79684738434
79004729527
74953412385
79163185470
79167784889
79032182449
79035903404
79264454599
78005008863
79686057700
79151710243
79169570355
79104505006
79154762249
74955792191
79166431989
79153428078
74957832557
74956465665
79163898364
79260210943
74953958429
79773271454
74953955407
74956265079
79773513069
79850691603
74953581444
79264042799
79037430665
79166248210
79104880023
74952238680
74965698613
79160604655
74956925982
74952596206
79031415064
74953958987
79858695878
74996511827
79032509318
79163278364
79252260081
79258935370
74959371618
79165226072
74953103333
79264000053
79037451147
74992644430
74953162027
79653981620
74954117040
79255147172
79670305262
79104711813
74992502993
79636515857
79689514645
74992712570
79104665274
79269962741
79774869641
79165774317
79264957254
79163003688
79035014394
79203639131
79652624475
79168556479
74956074684
79266158406
79265602036
79774091911
79264378784
79154677478
79032666705
74957307302
79261688101
79778625194
74992320346
74991235867
74994498209
74957305714
79670818976
79651440432
79150833065
74985058790
79164689520
79154086586
79167850947
74956205991
79680161498
79154194190
79169050823
79175276795
79999719502
79160014879
79163206550
79264306898
79267277668
79856468242
79055588320
74953939173
79175540791
79169758625
79151275709
79037503276
79036187117
79262580010
74991374503
74996183281
79251112696
79857631027
79265211566
79856430503
79637721646
79067509490
79166848295
79671364333
79269479837
79853030163
79162633346
79268212636
79639629695
79166951425
79265781038
79265900277
79253001124
79685417579
79671329132
79152446087
79852666177
79165999909
79175199090
74956094046
74993561819
79588217012
79686884607
79251586646
79670045665
79162590473
79269051515
79253858239
79162185423
79257914475
79036707536
79035619426
79100009192
74956586535
79671285144
79162488383
79261127525
79261890817
79255451493
74997411595
79032679948
74996526000
74953934177
79166397367
74997673447
74955429342
79037785990
79207479276
79265654518
79037880858
79035892838
79263617517
79036103174
74992321153
79032527100
79296661688
79035337865
79057948857
79055586101
79623696990
79151259824
79153600780
79032581638
74953423452
79060440038
79037088298
74953480197
79169329861
79104439956
74956558315
79030097912
79687366999
79252239391
74956989800
79067782580
74953992195
79295560105
79858039631
79036154639
79254388002
79263779053
74994929053
79035750070
79099214040
79168051229
79169429522
79163329455
79267100308
79889213989
79689299998
79772708704
79160017364
79163784954
79295290460
74993246616
79154000461
79263875526
79151862143
79164723843
79263791170
74953449425
79197676775
79150006010
79164648230
79687038828
79150508939
79854349291
79031699053
79262488414
79165172554
79037975454
74954351435
79262065569
79263830731
79250030151
79585576569
79096719810
79261439942
74953400147
79163607607
79067036484
79197750205
79151265958
79161316136
79818057318
79295917381
79167019141
79035427410
79778814951
74997025295
79267107763
79032078383
74956573737
79261059616
74954235897
79265252596
79684921545
79163098717
74992005244
79859216608
79055848064
79261636054
79645569900
79031522618
79031588141
79167778775
79166392881
79253840204
79163000398
79166938169
79060410916
74991426660
74955988846
79154650173
79639210302
79150177597
79160158249
79859060191
79161684837
79036260336
79686621234
74993563408
79152151651
79268179039
74997423994
74953984886
79108181997
79032410101
79778593357
79032958730
79060794522
79032013500
79037843830
74953403160
79653137432
74997025296
79069525775
79853462663
74953406848
79252257691
79104294056
79037274600
79099132743
74959588095
79165451048
79164713269
79154555015
79031717563
79684761515
79267034697
74955527929
79647124442
79160643046
79104149532
79999732714
79254610133
74953414095
79067321663
74953482218
79168856403
79265664591
79856848337
79032743879
79265219601
79169532279
79017436977
79774134964
79261022332
79637828554
74953401265
79165126613
79055471430
79032233777
79873041555
74953596632
79253632424
74953464214
74953987662
79671232778
79031398795
79036169597
79104683735
79037224561
79264928608
79257200788
74953920205
79166751585
79161185301
79032580550
79777080093
79260332333
79652145004
79166632626
79636975553
79653741659
79099025997
79057437862
79096536173
74991207153
79296489073
79629316538
79197688918
79168183308
79160420202
79160373419
79265946589
79670709555
79168453610
79150000451
79057327978
79670048723
79153660546
79166528598
79031181694
79166222882
79099222109
79670930881
79268770270
79636512292
79163455505
74957361963
79096389538
79153274852
79165499103
79265525770
79167293502
79671676546
79859853908
79166825625
79163854714
79037553878
79057381114
79265447378
79657221911
79039661498
79267162740
79263822488
79261393615
79672371166
79778317158
79654446313
79265534661
79654108182
79167980840
79154017072
79037331223
79264266983
79056121639
79265752211
79164745492
79164257202
79153395964
79035603850
74991495727
74967573646
74957898950
79160227358
79055145210
79684657707
74967622372
74952313035
74957347000
79637186990
79605879886
74955923589
74986579142
74997090111
79265632735
79261172922
79775345208
79687598482
79254611530
79166107550
79647916122
79031285381
79096411951
79167039835
74955179344
74952303027
79161011725
79168310847
79031640287
79851759399
74953412232
79689448266
79269146484
74991355470
79268392963
79261918752
79151731422
74951505558
79663807474
79104479066
79260343411
79197773272
79166893771
79771003495
79165270331
79773230089
74953422787
74956552825
79152127170
79067553399
79263649965
79265089944
79037984309
74999185459
74991738115
79857650709
79857835094
79160417625
79636207070
79091501108
79857243374
79031636068
74953420698
79262927841
79104009922
79660538808
79852221817
79036248177
74992343209
79165491646
79261625905
79055077402
79096689825
79104805766
79265298985
79851193915
74957836678
79262752925
79035974559
79169163439
79998789506
79856401891
79057061523
74967764001
79031096505
79260761299
79055123451
74952210773
79163268271
79032011611
79168439791
79853661256
79854682017
79030106975
79261809713
74953954296
79036835097
79175857044
79269145430
79774952082
79031933970
74967636525
79161441160
79852140266
79778183386
79165387380
79162393465
79262255526
79165407731
79037410571
79670759606
79268390739
79263447172
74967601842
74958490484
79191085623
79266571986
79161402819
74967574584
79653212997
79037721913
79663179788
79161675431
79175773964
79153930100
79852105707
79266640605
79035099009
79035985170
79161987999
74956253372
79647953786
79262878824
79035614182
79639996634
79645550202
74959354665
79035327423
79637773953
79151972986
74953959092
79687685263
79255675312
74957101035
74952590610
79874417851
79261031400
79164092395
79099404969
79153344518
79104758195
74992323653
79687886338
79060551433
74957907028
74953035779
79684663987
79772609960
74953162607
79250295525
74957390404
79265614402
79166939365
79057191151
74959212515
74952346520
74953783146
79153201080
74995178888
79037979139
79154217766
79265876060
79851725703
79107679149
79154302966
74956771564
74957041318
79104063560
79260690019
79167737082
79166714759
79266693556
79689455341
74956095005
79105195433
79104006776
79032051690
79055474575
74992325278
79162487756
79282517579
79036118074
74953127359
74999753123
74997504050
79104334440
79680411313
79099070260
74956737023
79660242964
79055885477
74953420661
79161781996
79153380938
79774628231
79854140123
79104714700
74953486132
79263412136
79017929261
79652057084
79166278058
79035246577
79032575520
79175030267
79670085862
74993208274
79162958557
79067093988
79268200549
79854198488
79031959654
74956521112
79260470067
74952155161
79167717372
79852231416
74953938659
79104735486
79775998702
74957319937
79017039395
79250583103
79031790258
79169601612
79153896662
79160192381
79680301426
79160630872
74956794939
79160607734
79269513090
79167346117
74957114060
79036654584
79265420075
79167149640
79104939342
79263748476
74991705035
74997841257
79055245675
79261759843
79299287454
79032890190
79067367451
74953922016
79152542009
79057944090
79252511776
79999845604
74953425416
79037983251
79175558968
79150929988
79262472288
79257374636
79163285809
79166904422
79636232513
74957175259
79261013511
79264617135
79253674200
74953475346
79197658300
79265286128
79774599039
74953550130
79163389199
74953418057
79036544603
79161547150
79057662478
79852277872
79154778481
79639282526
79852762099
79031008000
79151621073
79060851663
79037996410
79037573203
74953997583
79653396060
79032299942
79169259355
79263935715
79265768757
79257715338
79031118157
79255331482
74966422776
79153315938
79032735260
79636456131
79857644319
79647907905
74992368797
74956527965
79267102066
79164891084
79057855811
79163399116
79265811580
79268840685
74957370300
79859975091
79265690392
74953405441
79166562492
79853642421
79856400737
74953146421
79299614688
74965679622
74997540570
79637797235
79150037625
79175961188
79035141981
79031446902
79647897311
79267540157
74957184352
78312622718
79036265665
79060946730
79165467656
79166128044
74993721714
79851404567
79197765857
79250839797
79035486531
79636671781
79151907983
74957884266
74995004086
74957455565
74997411252
79032743863
79851244472
79625071181
79161807718
79152424015
74991573410
79269880592
79166010567
74958490245
79267536881
79264334341
79175289663
79152558827
79636397012
74955000135
79257722773
74957753934
79160077608
79269280220
79254957313
74953963223
79165869554
79153883433
79035025205
74953866889
74956559235
79265744058
79647915029
79299125523
79161652659
74997265727
79165922612
79255045343
79269179402
79670727266
74957114261
74953423368
74951090393
79637578939
79268784286
79150951049
79651374980
74957374382
79854131679
74953412807
79263214491
79163810517
79163911063
74991102213
79151121630
79773235916
74957130996
79850715570
79856206074
74953418345
79852134915
74953407722
79099217469
79037837432
74997533040
79165620438
74953484717
79165116169
78312982010
79637208877
79683850611
79776104070
79267686812
79163056668
79851408401
79151387370
79154541134
79163159398
79264000600
74953401144
79641474444
79099026701
79851035242
79257664360
79067040356
79031887417
79168704749
74953745222
79263651851
74956555201
79771722834
79197702094
79154206003
79104037760
79166958935
74992030980
79091584295
79165651964
79263009232
79262680930
79150773001
79151860700
79647209595
79160546121
79035528295
74992325370
79057582908
79263883813
74955149553
74997820554
79222007107
79167441395
79161263147
79169624161
79165618617
79055958083
79037789699
79251301524
74967396991
79265985454
74991430035
79266652513
79154962141
79859066726
79266910470
74959260104
74991106105
79629383660
79637632637
74999207883
74999207818
79672608957
79645960457
79859912320
74991471148
74957127016
79254178422
79629001970
74953791789
79651732521
74957099154
79175589928
79154606021
79251128555
79639619396
79032081625
79282085651
79851800693
79852164114
79169103760
79166101652
74999210211
74994498407
79035305759
79201124204
79175170883
74953428291
74953428074
79858131177
79629211005
79169930404
74955892135
74953417167
74952299028
79257403836
79204177981
79032259347
79166033458
79199910627
79262581009
74989176984
79263284959
79261601284
79257051048
74953289654
79161501430
74959559096
74956631258
79851643350
79255633612
74956401545
79150828858
79057078627
74953412726
74952341885
74957777519
79037775642
79037578719
79168110060
79164925568
79037988172
79067849468
79153067669
79175867967
74989176904
79162310637
79166069635
74953711301
79774975120
74956920704
79067836040
79032781351
79263904684
79153067157
74953595855
74952234667
79166806989
79168663128
79265490830
74959582122
74956830594
79855101461
79150049130
79663197548
79169137253
74992545191
79652619750
79852113305
74953411526
74953504152
74956621515
79036666910
79680142035
79166974597
79162398844
79660398515
74991351426
79686814227
79859829689
79152110041
79263922445
79037766283
79263128058
79055221604
79152262208
79651537322
74953911862
79252045686
74953424267
79037619102
74959270077
79267020193
79263285779
79067736656
74953002817
79999694908
79255895791
74953011908
79852692829
79151473262
74999017675
79269060647
74994928542
79035080950
74953418492
79164450281
79067258600
74989130010
79165072840
79255614340
79251728025
79605172223
79165703024
79037367896
79055060525
74959502085
79269629250
74993565589
74995804281
79166736881
74956477111
79168485929
74956463464
79104543465
79057012889
74953476973
79168075153
74952342000
74953945687
79101574058
79055231997
79031519863
74954362194
74993576129
79031002398
79161140670
79067432081
74999041621
74951221611
79163746094
74953168129
79267664641
79164760017
79163786373
74953404131
74957399910
79152545661
79261489473
79035944921
79031095743
74956200914
79060643250
74957028647
79032758427
74997250896
79161895120
79057596440
79851001210
74953748580
79262375473
79161417098
74999666671
79268681200
79262568825
79851328812
79039606967
79264124525
79164261640
79160405178
79252219092
74959333541
74953872302
79099624041
79254461394
79067122333
79166272951
79251164297
79851255566
79684089814
79104588845
79096584699
79057661886
79091533255
79104550900
74956171366
74951500826
79036736794
79151234353
79152426434
79100154940
79859227144
79264900466
79263413090
79263016906
79857746217
79153821293
79859229243
79164738133
79160525727
79856246074
74954220710
79161073249
79096237633
74959599043
79263202065
79296256468
79671819440
79262214114
74953984042
79166190578
79265692576
74997943215
79646388043
79037009367
79689881503
79671311463
79265626622
79265943235
79680591488
79035812225
79162703737
79998130228
79169260662
74956559736
79154264737
79261050542
74953482621
74967625859
74953539004
79266128520
79253266320
79191080804
79039662350
74993230155
74957158950
79165303694
79262821545
79258831030
79166034708
79035805377
74953443653
74954755490
79165506773
79057334788
74997926494
79999889196
79251961004
79654042233
74997461635
79261090599
79268229952
79030038807
79684002746
79268791759
79163047062
79152483603
79269080918
79104012770
74956570945
79067589949
74959540127
79165812813
74986572964
79091673514
79778669948
79295054025
79167090376
79104757046
79253776535
74953308202
79160444006
79032395753
79169888486
79296510805
79263009021
74953409071
74996199964
79268435544
79250226342
79263207570
79777571702
79104263251
79168330129
79265284788
79055761647
79096441760
74953437988
79853640745
74957178752
79660223388
79261479508
79161761876
79166320388
74953916288
79168826482
74953934762
79257906367
74957799428
79629641006
79031098850
79154980783
74953475806
79163221600
79250426620
79652581861
79175009971
79099677639
74953410644
79166768349
79167247058
79169060243
79151904412
74953961386
79257327849
79036283366
79150798599
79771244353
79650193333
79265214705
79152035011
79636457977
79253361689
79168665170
74992320895
74957130044
79637707757
79269085384
79253900188
74957152443
79652991777
79168312864
79265341539
79175659444
79267156533
74992372780
79295997120
79265208200
79773110029
74997253808
79150273078
79263842014
74953418067
79672527580
74997432768
79099006520
79165558337
79031150846
79162798853
79163215676
79035799999
79099901533
79688482250
74997233739
79032575526
79671006618
79267666644
79636206981
79629090505
79636797007
79266740421
79265670434
79257486160
79037970449
74992324465
79168462088
74991737133
79150533746
79629985131
79859992296
79055355636
79266360111
79857646228
79168601122
74956888241
79104778672
79031234705
79032724737
79255108181
79260550757
79693470286
74992667725
79265033447
79778392279
79032777125
74967555191
79167090813
79257715841
79164827040
79165915417
79690893120
79036222411
74953405847
79772855265
79771298500
74953427023
74953397053
79685359479
79265294069
74957141809
79261709482
79162299211
79636547787
79055383008
79265606444
79037665678
74957148293
79032570173
79268881735
79653507048
79253030600
79099855017
79663256254
79168825724
79150275874
79639628788
74956775245
79670161288
79663876786
79268922105
79162589638
79152840300
79776098599
79167104203
79653486938
79857376630
79851987565
79030006163
79263486216
79164129756
79254858023
79851117721
79167822072
79168168555
79031286977
74953422480
74957062398
79150186177
74957380576
74992324660
74989177842
79671666162
79262813322
79153901696
79651783090
79160283534
79397003375
79161039504
74957705125
79772648894
79687841288
79055129143
79265779035
79036149535
74953123705
79262129788
79199982746
79060429406
79168305500
79057048682
79166026528
79015204015
79037272254
79263471195
79168266522
79266480635
79255070407
79167009046
79852241516
79266628708
74954157033
79251198888
79091566231
79688985900
79017928294
79163398397
74953421214
79646247108
74959952251
79854547004
79037928416
79150872414
74957483033
74991728919
79859267278
74967659985
74956401901
79265386795
79637148448
79037296951
74997550137
74957068757
79265657113
79031030822
74953460698
79685823342
79166598076
74953250135
79031202626
79266043227
79099463439
79104449155
74959825022
79254915373
79163086112
74959352743
79154002573
79255182161
79037281755
79777519616
79637104214
74959612526
79153778830
79167514728
74996535504
74959212800
74957805456
74958672233
79636575730
79181935094
79032005332
79647875593
79859978933
74953448750
74957136727
74959177620
74959537309
79267778185
79164321079
79857740880
79167626815
79853654741
79036682768
79266938143
79161663722
79035493577
79166473185
74955130002
79787639159
79774396751
79253210533
79175139538
79629137909
79265565565
79652092032
79036454505
74959568626
74957272665
79258815477
74999236697
79261407164
79997120535
74958679629
79057008935
79091533213
74997860320
74953927351
79161900060
74954814955
79197706811
79261944455
79030026867
79030160660
79259383066
79167777157
74959460503
79629594770
79850585800
79854227441
74953998652
74953490782
79168884848
79689109550
79266054040
79032830143
79032102060
74953278630
79266459579
79588193765
79166137128
79165368890
74993572503
79151214139
79774238330
79268895459
79168423094
79040188548
79162737605
79854647952
74953447322
74953421819
74957846560
79166086367
79165522645
79264325214
79269145517
79161823333
79652500616
74954129044
79160281383
79265872655
79653693943
74953954044
74953449466
79637864168
79654290094
79777151527
79268374599
79166305265
74953183902
79161080141
79222657458
79168742104
74997424096
79035217984
79060325496
79197738659
79692806533
79096719928
79103624770
79057269428
79162288231
79262363798
79161584708
79250916953
79774389277
79851934560
79036148884
74953404514
79265311612
79261309339
79161678697
74956329672
74954208101
74956795990
79689260967
79031153633
79152602270
79859377715
79163546500
79104183232
79165202066
79269204687
79265305506
79150668994
79296826642
74992344429
79162194560
79859889715
79299105623
74997931959
74996176313
74999686060
79031209393
79163035404
79035059984
79161630049
79163871055
74956518464
74953122481
79036830164
79680056346
79261839931
79151729504
79265504556
79175040145
79167777577
79296627191
79164255601
79166858124
79060751061
79159909791
79267222336
74993208382
79164518231
79161327053
79645131507
79687924078
79163542823
79636108490
79629098439
79164068368
79854579077
79776427535
79161553744
74959338840
79933333885
79165898599
79169174146
74996131122
74953968543
79651373292
79250727208
74956687123
74956498776
74992320195
79652615013
74959474080
74955453786
79250343723
79037658083
79854597612
79680774945
79037829452
74957307441
79772557415
79651570606
74956058177
74956486903
79104947980
79254050526
74953420523
74954428329
79267888030
79624400924
79099958844
79166969321
79646285849
79152701971
74953410290
74953113012
79160714044
74957176619
79164129765
74953428994
79169028403
74952313645
79099225729
79057176643
79266133130
79169280288
79160851759
79652250903
79269179429
79777126659
79031901060
74953453928
79637886111
79250019255
79258455583
79685393575
74991977371
79268806019
79175341152
79104525570
79857233930
79067499598
79853458218
79197770281
79031052216
79165291157
79151472654
79164664371
79099562050
79295825291
74992323548
79061287408
74953460413
79859225501
79263642337
79099732960
74992454327
79150066330
79099347799
79164499251
79265556648
79776993500
79057617279
79629278830
74843251149
79035313846
74953455929
79651150092
79091581542
79776612281
79099318936
79160411756
79263174547
79032389468
79032103813
79299387515
79852253120
79162295999
79031736762
79251321586
79055586169
79266154787
79055130920
79261368714
79259192255
74991714435
79169379080
79167236688
79854419121
74953401194
79261645495
74953955061
74953842038
79104537054
79161903226
79164401538
79888333683
79165270888
79266024474
74953814649
79671613098
79153307358
74959266476
74953419352
74954161642
79646354951
79191090893
74957877800
79857725917
74967952251
74954002246
79035821551
79252451625
74957717092
79254942666
79266575345
79096429236
79261108328
79161122177
74953900245
79164688981
79154360476
79166967977
79637120253
74953980582
79104503745
79162273293
79163122180
79067252799
79251588373
79161021320
79096907755
74994321465
74991217593
79151142377
74997207550
74992704818
79167350589
79162107508
74957113104
79252227889
79637851780
74953593235
79608907733
79169345057
74957274489
74993235322
79067803656
79250309530
79104202022
74957775656
79853648711
79153308310
79067136786
74951321900
79163152621
79854257707
74992682901
79261129967
79167405103
79639656673
79037242412
79104062797
79777734326
79254786115
74959212868
74992493228
79164979194
79147094589
79639703883
79645331101
74957893040
74956085838
79671830354
79166964082
79164150638
79152854253
79104779275
79688972928
79684046076
79031610390
74957035551
79163863337
74957774147
79031806134
74953946969
74956214018
79168537143
74956450160
74995584060
79852125460
79264505235
79265981707
79031914514
79268372347
79645089561
79197706812
79296216906
74952876086
79266523332
79164413625
79175419384
79857716198
74956393008
74951202775
79852456975
79255371540
79057235695
79854784734
74997423983
79104029912
79778813354
79671856824
74994937253
74953427907
74953518408
79856416899
79163459408
79163720971
79850742777
79169257030
79150869477
79257712342
79263113333
74953904492
79672151385
79257297923
79647640110
79099228969
79199615461
79264600283
79032994560
74953425697
74953421585
79854846052
79268761598
79266474729
79037242326
79859058144
74992631740
74993562377
79067598615
74957757505
74956292062
79162114798
79295341703
79175907073
79031654689
74991999308
74957304445
79774184406
79653786727
79258282344
79252807220
79267996244
79261121389
74953868631
79067368735
74955648906
79165519064
79167536478
79646273683
79152933889
74954526260
74956294819
79035100777
79162431115
79261487064
79037665434
79774285273
79264523018
79639251500
79264096906
74953937497
79265924341
74956631100
79091603609
79154064590
79859738969
79647630224
79854845962
74959530118
79253238056
79057445620
79636350715
79191007422
79031214490
79154544815
79266290130
79154790998
74953262941
74956411010
79067851585
79166127629
74953633381
79651259629
79099982791
79851934738
79647741710
74953214786
79265682309
74997308395
79066693644
79099676005
79296771614
79776185535
79163836161
79169662729
79066275193
74953982186
79296292737
74959529925
74996196647
79262104021
74991466974
79169264508
74953184655
79777734584
79039633344
74952215321
79857579092
79267059460
74953421669
79161052332
79104524400
79268340268
79165610373
79166601282
79175642094
79851760459
74953418834
79253765597
74995178080
74953424030
79255086315
79263380455
74953960491
79852953042
79163218849
79639957636
79165151135
74967568035
79773077383
74996123696
79055431738
79670213026
74953978618
79152820611
79163195227
79632279040
79162141412
74953185546
74953418980
79167932897
79168753291
79636595656
74956587340
74953992980
79150121256
79096949199
74957112252
79100851421
74953918761
79773125616
79197721260
79680146672
79057239709
79031317401
74992340915
74957800500
79671754242
79162038784
79163203331
79037613607
79654385196
74953916203
79104668545
79166511816
79266909931
79257722385
74956451555
79774238938
74957231001
74986874555
79773300675
74953429749
79162221184
74953323071
74952231027
74953323066
74957392020
79037426127
74996382287
79031401103
79032280455
79039664885
79163288682
74957923097
79154764085
74958673329
79161364866
79035783128
79636878464
79689012275
79165076282
79165585869
74992721965
74953471496
79999705857
79258341099
79268295581
74995500333
79055673022
79645673158
74997206071
74959536385
74959610189
79265217791
74992688650
79168124131
79037334842
79258802778
74997214928
79852333671
79262626355
79253443544
79260585959
79778504727
79031032072
79256004057
74953401453
74992391657
79039758389
79258009131
74957831188
79261675858
79060384855
74956904527
79150870199
79101894239
79636456150
79057510002
74956474944
79672263322
79251122650
74997821497
79262705277
79772693089
79999682509
74992321054
79261033402
74953749274
79265989656
79260332991
79255915657
79255898811
74991750564
79671209992
79150808192
79154013779
79060471414
74955979364
79165997304
79169586507
79263305405
79684041943
79250256682
74952230001
74996088984
79031065215
79175909052
79263498640
79160038867
79261355767
79262475883
79031383051
79263413646
79637691971
79152937423
79104404454
74956552870
79162976074
79258724807
79268017861
79267479993
79104575690
79653232437
79057310075
79169705665
79261133232
74957060579
74997552323
79163961233
79033637255
79255615000
79152382385
79161469477
79166100610
79150119713
74956558622
79191012851
79255456374
79671001085
79104565074
79250001382
79060986547
79687626696
79262289078
79104435068
79778115886
79852605922
79163542643
79167544374
79161566527
79166562252
79851339309
79250463501
79996737762
79057978442
79161460842
79269644142
79152182622
79629333140
79265232687
79165509406
79688236480
74953422351
79772578487
74957151894
74953458080
79163665433
79689337528
74955572448
74953705301
74956648889
79164325317
74957342575
74953415424
74953405653
79251400904
74842598888
79265619883
79261871523
79636413626
79969290825
79153089589
79777243996
79263667966
79096611726
79162467659
79265500344
79154812440
79037380334
79169616296
79857660307
79161401523
79175768595
79153602002
79629121112
79037849921
79154487896
79251042245
79652010909
79162834439
74952210505
74997417696
79262143079
79169600023
79057782150
79299613290
79610747141
74953934419
74957178027
74997610226
79852225834
79031737454
79154856975
79652775035
79096461065
79031031115
79168749862
79663198718
79267983128
79167806628
79264930789
79163582846
79169119440
74997431979
79263720512
79153569664
79169204895
79258943440
74953945463
79057387092
79037886310
79169252185
79197714046
79670446448
74959653589
79264801335
79165457835
79037244941
79166893888
79680922573
79857603544
79257891088
79037653454
79999946564
74953936911
79104604617
79629712972
79670399666
79168806336
79852842273
79091570027
79261898487
74953219338
79099366302
74872225073
79165766836
79035828101
79104830777
79855861007
79032216423
79262105740
79168363067
79031566619
79296136870
79035148287
74997415784
79256549628
79295534489
79266886101
79109189455
79851298312
79690766844
79858173866
79154187655
79036158293
79169592267
79150613673
79163396766
74997429504
79651188668
79263730274
79265828145
79104731341
79261675111
79057172000
79852307941
79161317593
79268737314
79266451319
79778308106
79263452929
79035694669
79099369425
74992322836
79771017721
74957121852
79859995324
74956582003
79686549800
79168109245
79035189923
79263514934
74994734254
79629373187
74953508419
79267973424
79261771998
79152644655
79263839834
79268151312
74953404689
79163267784
79165483432
79039721576
79175845543
79175427472
74953937444
79605242505
79778003340
79031872912
74953125352
79998050523
79859203799
74953605148
79260136264
74953421421
74953844523
74953401140
79035233778
79033150064
79265295590
79262166380
79037260066
79031730597
79164244150
79651242957
79636865714
79685925986
79852279713
79169592271
79055111601
79296695451
79104435263
74987541295
79153122150
74953942370
79104290132
79858883947
79636517708
79104608107
79262171044
79261515007
74991414165
79651132195
79857763630
79258692255
79260451713
79166944444
79264572758
79897268423
79035635468
79032901374
79166656665
79033913407
79166310914
79262711110
74953119659
79104273631
79153056533
79150384101
79850615656
79262552211
74953414441
79268634727
79060967285
79168466725
79684929843
79161910481
74993235722
74959883794
79152337715
79260144864
79653025982
79057908616
74959811637
79151526766
79687980375
79671819627
74953912968
79250317811
79202314556
74995570470
79197257709
74951555155
74953563408
74954211277
74993561454
74953264154
79060664751
74986578497
79252992809
79165181825
79031895440
74992721284
79996039966
79175840403
79686452187
74997941881
74997440346
79037986529
79165679696
79651493420
74992486271
74956559767
74957976445
74991731827
74959813363
79162064709
79268275167
79263698154
74956739263
79166680791
79262751139
74997927701
79268824916
79057577175
74953412722
74959659602
74957155959
79091666688
79166166842
79653960757
79857763702
79265305259
79252050708
79296199175
79163645601
79260621323
79035933835
79254563776
79163795516
79037790429
79852495360
79261615811
79854891051
79851511125
74952875265
79035048915
79164426762
79055377114
79161322080
79151472180
74991227690
79104013137
74951959744
79267034288
74954521650
79876929603
74957850309
79055767887
79153597255
79175392367
79776246160
79037406938
74954482252
79264771493
79855152708
74957878055
74959212110
74955961328
74956837701
79161449491
74997410806
79636397964
79267564274
79150435189
79161172783
74957802244
74956768666
79250408891
79057324988
74956504743
74997232818
79091535235
79166555829
79859202432
79773637570
79057120281
74957950099
74953528731
79067742676
74953933617
79104639548
79672765346
74953281540
74954248267
79267100450
79166099380
74959265045
74955517879
74953407104
74993560910
74957052578
79031200099
74957192211
79647875827
79167102379
79060272505
79055197180
79169966435
79167051483
79162016441
79859992925
79163832391
79263007808
79261926963
79776035259
79265882020
74956786454
74954223361
74959312659
74955635200
74959611304
74954356221
79154959933
79031972771
79167219847
79162295345
79268513253
79151833371
79160304860
74953401306
79162222756
79262547922
79645094793
79687030119
79035050900
79265550992
79253894918
74958502596
79169950008
79153286130
79167069568
79055387490
79156272835
79261433469
79163767180
74991496580
79150974707
79164155919
79167512587
74953428913
79166493640
79030023188
79169538048
79645594062
79261548488
79152678271
79777280334
74957125619
79267008801
79162460778
79035061097
79851370706
74992325327
79037579831
79685639141
79257831102
79250084190
79645106311
74991247453
79636356748
79164664913
79067874143
74954692211
79096756488
79267800780
74956750706
79653291392
79268461434
79687688580
79261493292
79251456033
74957349200
79017992876
79150076456
79032044760
79151135830
79264121340
74952870410
79637116409
74959327625
79168505439
74967638247
74959578471
74992451146
74953214307
79031297310
79104130744
79169303031
74959871307
74953400229
79162124418
74999207838
79152158061
79859550891
79031189109
74952210116
79295579715
79032680745
79261672273
79168748047
74952582099
79165714104
79265521818
79851777262
79161461872
79037448444
79261327138
74953991964
74953426944
79252144849
74993572330
74957817777
74993503949
74953413498
74959336180
79253837677
79261780633
74953226802
74955105001
74953492021
79096209902
74952490701
79661759925
74997046858
79161168432
79104386935
74953403602
79035394316
79168613146
74996175445
79031077773
79295761734
79777239613
79255076494
79250849990
79067454651
79253593508
79851185704
74991736164
74959305962
74953063143
74991296684
79166132418
79261818422
79672410346
79154305854
74956279075
79035051724
79661214047
79169729729
79104048778
79857985275
79165501249
79651228380
79255094426
74992733541
79268405339
74953155238
74953897060
79168563042
74953409663
74957755062
79260140740
79672978722
79653609689
79992199349
79778972685
79684076711
79854835661
79169110594
79035920737
74953828052
79857748635
79096399362
74953423789
79057514410
74956548933
79162369738
79998782921
79055012751
79266770243
79262097147
79175174498
79169046869
79166264768
79250850545
74992405728
79680160044
79607293818
79261705800
79165893730
74953963988
79266179883
74953123269
79161260425
79033637552
79295413827
79055404327
79067225416
74997465528
79060649222
79154990909
79165201099
74956794776
74957172460
79167096365
79687844308
79151594518
79067708605
79167066939
74953512148
79689410146
79032181797
74953554380
74956565778
74953874570
74952340023
79175683529
79268851307
74957598047
79252022720
79990104783
79255628240
79255066491
79250490424
79257403453
74957119150
79096814499
79687925570
79037602476
79169783297
79670328237
79191011574
74953553868
79252826792
79197735840
79099470906
74991598464
79166752179
79037500802
79689734737
79197606594
79150541174
79689894110
79991279846
79168739617
79031432354
79161555135
79265590871
79037751234
79057859058
79852542023
79629020888
74956263026
79161878498
79099602130
79165795779
79258459250
79168116469
74953462266
79057365071
79032810958
79686841438
79260319026
79105470202
74997311708
79067873630
74997252020
79031361029
79166630653
79032652266
79268889233
79636818550
74959886443
79057054158
74992324621
74952345750
79267692778
79017963491
79169182407
79254056066
79688244002
79636317889
79031234323
79777442799
79161942758
79166576407
79153952395
79265233833
74956589092
74952582097
79164496663
79057443418
79859862653
74953939153
79688262615
79999856701
79057855284
74955492360
79266737529
79268719429
79153633892
74953921193
79067675162
74999080584
79161282738
74953417340
74953429832
79169884717
79165193679
79647072342
79260366697
79031551864
79060442906
79851314256
79160660528
79166777981
79037384660
79169037220
74955592909
79264322650
79169492712
79264470986
79104896869
79152799079
79099206303
79857736296
79859076820
79296169690
79099446323
79032425246
74991618485
79266555356
74953516829
79164273636
79852441777
79055001991
79670250551
79032871227
79774572560
74991470415
79166154161
79165756049
79684078528
79852467648
79264257070
79859223337
74956608150
74957171604
74954837823
79163262513
74991104243
79055113747
74957896202
79690212836
79152359497
79646396787
79263200990
79261057188
74957828253
79060480354
79169002522
79055241702
79039682268
74812612353
79629073333
79637175059
79688318698
79269319778
79067158637
79268494450
79067533857
74952551816
79260496543
79150001599
79998452519
79851837927
79851481791
79685126604
79262886519
79261588356
79269714402
79296022066
79252563331
79035406356
74957036209
74956901268
79253108801
74957894465
79262413582
74953538817
79254570151
74952761073
79031732188
79778771069
79775653200
79152335210
74956714787
79038567888
74952876100
79859244400
79163640077
79166977535
79166867354
79255462872
79621996262
79108486729
79055282613
79031115830
79997115708
74958490156
74953412413
79605990330
74993240765
79772631312
74997970998
79161049211
79262712444
79169890449
74955869921
79035994092
79153005744
74952801782
79263924742
79091504864
74832315161
79262322525
79852557605
79653043635
79099384045
74997465814
79263260012
79253767162
74957177594
79104350587
79037731952
74954330410
79262786128
79162517542
74953421935
79859236414
79037625015
79268553164
79160257572
74996126735
79161132281
79163978000
79175888177
79774754324
79151438024
79099315279
79031555518
74953403797
79035502017
79670671681
79031494652
79154152159
74993567749
79998103409
79039768330
79645157447
79032220980
74953842538
79057090991
79162628179
79637115347
79161531319
79663723144
79162218742
79636889441
74992617192
79039718535
79035651952
79854729893
79017713252
74996665304
79262296209
79299126401
79262160181
74952236965
79055555525
79264609840
79163782665
74956111941
74958678817
74997500537
79268792372
79859708549
74959262569
79263115395
74953411466
74956551070
79268601988
79035650858
79773423862
79163433626
79102005025
74957059401
79267991919
79263778796
79295934711
74992456653
74958490962
79261581858
74994904403
79067458834
79260101767
74956989111
79096576260
79267611272
79296000017
79645286769
79104235460
79997203373
79152860480
79252020079
79851609005
79265214404
74991731110
74959120085
74992639284
79166948792
79772650417
74955507071
79586820033
74967565293
79263399182
79165110815
79161102323
79035775511
74992324409
79104618961
79857636343
79152210004
74991463577
79654001453
79778567343
79268258766
79150426905
79057019699
79057376456
79162594688
79162612234
74953978208
74953099285
79262778480
79175267272
79257545108
79104131515
79629440803
79210091274
74957880200
79031299398
79167890989
74953987468
74953414610
79162778720
79660412000
74954191778
79265716700
79030174022
79266737070
74997213027
79651661612
79858861515
79167234444
79264131188
79163839253
74953417359
79037354915
79166632400
74959545789
79777156581
79774389209
79257319519
79163709050
79251304011
79031588740
79629311966
79262736787
79672195486
79603482292
79165556295
79256000923
79100831563
79262220096
79099027209
79055097389
74991698867
79263857450
79168495921
79773921336
74955492636
74996515502
79032675091
74996619509
79670951120
79037775764
79161710737
79267203987
74953126740
79773045942
79645241424
79851156009
79688265606
74953458512
79262452630
79165525979
79778711315
79104766805
79031758817
79775191939
74955499206
79266340174
79035910526
79152110740
74957142250
79037964963
79266891982
79037754160
74953650252
79267999343
79683702773
74953966213
74986202121
79035665403
79154888864
79690376527
79265828065
79057063810
79262361322
74953421428
74953371891
79057023923
79637770232
79152955475
74953426364
74953224881
79636402500
79168432045
74959156563
74842547838
74953959587
79096717272
79776172633
79034115082
79033248815
74953552811
79119555005
79099390221
74956232896
79037481251
79096467290
74954086149
79199950004
79160652960
79261191970
74957136369
79265303223
79652341392
79261677895
79152185044
74992341172
79859060703
79164427747
79299787583
79254848868
79646400778
79150147777
79057403024
79032493909
79031766744
79653476058
74991791735
79167217212
79102323989
79161519441
79774776967
79104017937
79250366351
79167056305
74992322824
79100888543
74955501799
79208333866
79683920790
74953507955
79163362684
79152333390
79639991166
74992322505
79032525300
74953448664
74953409294
79654341681
79067058880
74957027450
74992325512
79099597079
79295686780
74959498623
79859096031
79256359067
79295003567
79162813963
79661381468
79160446026
79164813548
79774083080
79035730116
79175975195
79152963085
79778096702
79269189438
74953871957
79636116060
79851217172
79268118069
79264990394
79161239103
79269116288
79629355838
79260929529
79039750969
79039780608
74953954527
74997429997
79283410871
74991280797
74953477786
79266128119
79067331998
74953515343
74992323106
79031285010
79252828917
79692830915
79067566060
79055668793
79265368328
79167706557
79166776094
74953882210
79779289836
79269875566
79257153842
79150786764
79166910205
79165270771
79777714260
79774680392
74953406228
79096418680
79162671565
79154538992
79055688520
79039789766
79262102236
74953971736
74956559424
79057397679
79857450878
79164347927
79852223983
79036846333
79645678906
79688085463
74992324547
79165220789
79215723606
79167214555
74953416057
79165080899
79037806862
79264612649
79169585538
79153091145
74953945638
74994895540
79166485217
79150657015
74993561050
79776210284
79258472734
79251267672
79250150799
74953429265
79161719272
79854452250
74992417289
79687503530
79778623239
79256658545
79260106843
79100134415
79163430583
79032639280
79153660609
79255538953
79651487744
79168049964
74992323536
79166775679
74953420416
74953689690
79265646164
79161096112
79261116542
79371146443
74992320158
79778559415
79671164001
74953434079
79629992556
