79153456209
79261836077
79037818185
79255064115
74957169855
79164629248
79854840034
79857261247
74955481684
79060906663
74953214151
79067415630
79165384045
74953155238
74991483789
79031065215
79161659907
79999268818
79055012211
79031445909
79255073375
79263687703
79629863148
74953484717
79168749862
79261890220
79262047807
74953494328
79269005608
79166640990
79269172737
74965411266
79854568263
74953720712
79257722380
79778035315
79162918587
79165277215
79998000101
79167797470
79859798385
79164492721
79035485628
74955525903
79671381410
79296186963
74992724669
79162058656
74953906569
79268213808
79688941915
79169930404
74956793042
79091525346
74957809214
79104651505
79067807575
74953415142
79150310106
79096759656
79250821088
79164424263
79265341034
74957593531
74953580907
79258697927
79032035059
79165415393
79256652889
79252786484
79265301342
79031887417
79265634380
79164080387
79099855017
79169220494
79853839958
74957130179
79035636567
79031255253
79653695157
79164995527
79883876511
79268494450
79688190017
79629665115
79165627847
79100028146
79772809805
79175392367
79257037069
74997840985
79031031115
74996788062
79853836045
79035298055
79260191190
79160652960
79851707021
79165338446
79067116121
79104463077
74953427093
79067106030
79104691024
74953427907
79639663543
74953966353
79175777642
79031402934
79032919333
74993577680
74967676878
79035098121
79267238193
79255094426
79266464727
79260354010
79031856686
79661423275
79260615077
79169001832
79778124220
74953428291
79641474444
79037244941
79269591763
79169429522
74957114538
74967583100
79857671632
79168211260
79060751061
79031885039
74997431979
79998426277
79163059665
74993246863
79168799536
79067721624
79645249223
74954491828
74953429619
79109189455
79161416976
79266501737
74996137908
74991573410
79771400484
79629071147
74997546022
79017717580
79036224208
79152416965
74953427895
79192687047
79165653913
79295686780
79161811410
79778318581
74992344490
79263139916
79035593080
74953883354
79688872438
74997833048
79857767368
74953446212
79771733877
79778716141
79262674435
74953403445
79163969252
79165153094
79254449088
79261604757
79689886944
74959158801
79104062751
74955516405
79161914838
74953532679
79160011505
79167039835
79096814499
74957839435
79152588837
79636108490
79057327978
74991239589
79154962141
79166506538
79067190044
79104022525
79621625454
79160993870
74996490244
79164916677
79853398008
79166805766
79169991893
79031587781
79684656858
79258552433
79636082563
79160714044
74956726380
79161531932
79154900988
79162798853
79773406764
79652594029
74953965205
74993203997
79168252118
79168521127
79671286471
79690102887
79261199102
79264315846
79169804398
79670362595
79265873212
74953401260
79852329333
79262641900
79263307777
79091585184
79057403652
79262242194
79151972986
79099285056
74967748665
79169139199
79683828979
79166289294
74993561493
79031412131
79166833775
79035148287
79168231038
79161453910
79037305665
79057082133
79168760251
74953955243
74957149674
74957149626
79857737363
79264789689
79253466020
74953536498
79858391105
79636900237
79031454211
79031769279
79035000679
79036626867
79165574642
79263453808
79104006776
79153189391
79857627773
79852124191
74953412017
79060997619
79262383363
79859829689
74957128520
79162590473
79252869372
79036682768
79778495802
79162284347
79776175192
79261548488
79096429236
79851788646
79262815999
79104527268
79165251799
79100009192
79255438286
79165085887
79055523195
79032945408
79251913851
79645550179
74951505558
79163105858
74992324443
79672608957
79162161757
79778717286
79778290277
79099003637
79775653905
74955273353
79175235438
79167421784
79857709763
79152014277
74953042275
79037610029
79645353523
79160070715
79253655019
79167054842
79162189359
74953478510
79262818937
79036123682
79266673234
79037836018
79683553894
79166320708
79150642600
79265268430
79160555855
79257004049
74953480916
74958670511
74991795986
74953452290
79299627170
79104089996
79773148349
79030179778
79163762217
79035210435
79299219147
79265786431
74953939742
79175017773
79168278997
79035468081
79037361665
79663870505
79670149392
79169160696
79057871072
79250063422
79857680857
79055075353
79162634234
79055405024
78005554331
74994615444
74953407811
79263467756
79165579204
79629144494
74956326024
79265932372
79169662325
74953449282
79099958844
79032492796
79162124418
79037101631
79168784272
79164085883
79154723431
79261018891
79035031737
79067561234
74953462233
74953985263
74956219071
79773556962
79268900016
79636110374
79651209755
79261716192
79263904924
79688214455
74953404205
79687164455
79152750694
79262381408
79150029045
74953982356
79680301426
74953967829
79165289926
79104373671
79166088641
79256099090
79687103122
79067146210
74953931815
74991868634
79269102133
79096722256
79035102628
79055248855
74967650931
79262762668
79104041213
74958670544
79255073510
74953965033
79175738441
79663197548
79295035272
79104893933
79774972940
79264953664
79265779035
79653422073
74954272762
79153229618
79107772990
79104421763
79057156759
74957121748
79266537656
79164813265
79055576711
79091528133
79999705857
79167830495
79261289682
79099597079
79253777256
79257721649
79067517521
79253601949
79057148077
79999788785
74995191309
74959500869
79161085684
74959156902
79689514645
79167592583
74953954966
79266019997
74953533547
74957398300
74953415985
74955404000
74956786531
79265609225
74959848325
79162622282
74957870777
79168139555
79777346640
79055141794
79776608364
74953265803
74986578806
79263995846
79258723112
74957110759
74953630140
79163060597
79169334768
74956479821
79629446463
74955494890
79263624032
74956547593
79645106311
79197704989
79169760661
79166153058
79163223540
74954191483
79161039504
74957855030
79163075570
74953407193
79262552292
74953961721
79266481230
74956567022
74992320279
74953473909
79265111111
79032733431
79778700657
79036139597
79265301686
74953423666
79082893614
74959508179
79150508939
74959418020
79057298373
79267282658
74953400953
79030055007
79258862280
74956458555
79267199628
78126444066
74953410691
79154502705
79803591044
78483664502
79166680791
74952235512
79037188961
79257110733
79251533477
79859093577
79096899916
79152505610
74956512145
79163219321
74953924208
79162704401
79091592376
79197218111
79032115513
79104561690
74997933320
79772770858
79039662350
79296207940
79653715332
74742485708
79253656015
79035668014
74992321136
79150012772
79629152629
74992343446
79778721131
79030003660
74956171366
79104209703
79652042916
79032174050
79162474702
74954298586
74952235628
79853422272
79851175530
79255733684
79251565464
79651946655
79169140662
79017530394
79160700800
79295535343
79686740732
79257642680
79265532892
79057274024
74953460724
79164631248
79165354367
79299122795
79160074974
74953410310
79254467840
79096289667
74997536333
79035876256
79175405236
79997984788
79035871770
74997828583
74953934509
79260296909
79854598732
79169992587
74957803107
79055370041
79154553723
79151886191
79036673304
79258886985
79258086557
79687851578
79057701987
79636076821
79261400449
79267315991
79161965642
79032724737
74953441748
74954146216
79854624216
74954562650
74953448034
79250009350
79857734917
79099132743
79647658028
79163560227
79629366692
79261112259
79067256395
79151406178
79142357967
79163066440
79267983128
79295095441
79166969321
79181896144
79167906691
79851267177
79037730606
79773399585
79165611521
74997224429
79161515139
79031809007
79104127759
79251549954
74955466814
79035703970
79629695733
79257163094
79031760430
74953994131
74957128735
74992621918
74956252722
79153886861
79687896808
79255173929
79032605407
79031950071
79261424855
74956548152
74953429832
79036164518
74993562318
79256557300
79150373030
79055017420
79151873314
74957287250
79096992999
79037902388
74952815478
79258212362
79152840300
79038802250
79161610016
79253001355
74953463326
79856001892
79266051576
79104083651
74953931810
79092916779
74959568850
79651777001
79295578218
79859119879
79104731341
79163914302
74951628169
79099099502
79037481251
79260227796
79651475047
79035003375
79251211686
79774389520
74953131936
79036217017
79255174525
74959169452
74997255943
79652885248
74959559458
74953885167
74953963766
79851793887
79653114037
79853178753
79161157814
79031317401
74959676838
74957727911
79166886571
79161223688
79263026062
74956454446
79262621204
79031525605
74959830101
79152281690
79262482328
79259914150
79268884541
79154686269
79250707500
79104228257
79067357475
79039680203
79268802986
74994029039
79091644581
79197668818
79096506886
79639625060
79262627141
79269265204
79031196819
79031262650
79296696855
74999400222
79152169073
79165970162
79261439942
79265263141
74992617083
79645642112
79060384855
79099544648
79264834033
79152367828
74967568403
79067480330
74953283776
79263737294
79036787355
79031792277
79060482777
79646136666
79265272173
79037578380
79397772779
74953280486
79161171407
79629521173
74953480975
79264724185
74997222642
74957161100
79036830164
79037538837
79032186406
79168134641
79057346358
74953417214
79251271848
79031796287
79105128623
79167927967
74953993096
74959587934
79652711801
79196221195
74995004499
74997399650
79035323212
79035443546
79653870803
79263832255
79161119333
79851104898
79037302985
79168872777
79686825322
79771384581
74959847124
79055695968
79853051680
79295341870
74996121307
79035028852
79167307479
79645235802
79645713993
79651368210
79262256790
74953412409
79037438361
79260358847
79104576915
79037286356
74953417131
79166909022
74953427880
79263372998
79169661983
79165885172
79168200910
79857737225
79653394361
79857719997
79661844598
79853301332
79067666644
79267104741
79250527772
74953965036
74991714435
79153457795
79852539218
74991226503
79253845930
74993224307
79652584677
79151096797
79166556940
79154300258
79261254715
79031063553
79160973282
79255049362
74955034277
79639990037
79250011221
79207569118
74958672626
79104660144
79637261026
79637870072
79266279818
79163445474
74957923097
79685812646
79104409709
79163305243
74953550791
79256147002
79295135713
74953635035
79169172479
79674510873
74953419890
79162633346
79031541528
79647862276
79104558531
79261609726
74957133666
74959339141
74953980760
79175103650
79778076719
74952581793
79035670116
74953408380
79299909086
74959532563
79778076718
79160322049
74956798440
79652947711
79165413640
79612596023
79037428466
79263173388
79154888864
79851591866
79035504540
74957802082
74953405302
79167544374
79645852620
74952291773
79109853110
79268056501
74953224718
79161832274
79152721995
79256359067
74994810115
79851748506
79160424995
79067980269
375296500075
79104028672
79161472930
79161195565
79261307635
79168794383
74957914123
79017752054
74997413098
79260601330
79647289998
79160772656
79165265203
79104152680
79268984995
79262420224
79154378780
74967580148
79685334075
74955422045
79268110679
79263311836
79261526576
79162405189
79262332662
74953994348
79639633233
79160753885
79636456131
74992193129
74991777091
79032387308
79165059831
79150375684
79257922892
79035554242
79689786171
79055487738
79055152381
79152344406
79267042425
74957859472
79150222275
79266054171
79165682257
79169729729
74993571433
79153901696
79091539491
79260204122
79036738143
79771677066
79269750110
79032610053
74955387244
79160518849
79262348554
74955891178
79032898943
74953699090
74953631661
79104779275
79032175686
79031375363
74953407634
79253772944
74959098239
79104434334
79168620960
79153660546
74957846284
79859225501
79264157554
79269033535
79037292002
79164909197
79161961963
79162411007
79099381398
74991687772
79265396138
74999061267
74956237349
79153338690
79164848143
74992322403
79859060784
74959471408
79037295801
79037290921
79153480427
79255073881
79652954090
79998351340
79163493027
79267057450
79652658282
79163568586
79263074062
79166574066
79854844922
74991293183
79251580055
74953971398
74996130770
79265396915
79167539226
79629928733
79096726267
79857777447
79250945616
74957193919
79039696011
79263639077
79261880144
79647994654
79636897744
79154693197
79267034697
79036689377
79645080258
79037901992
74953348849
79175933609
79036133109
79154790998
79266933127
79057965797
74952345750
79153694434
79032785026
79166413363
74953421421
79268634727
79687381872
79296015626
79168068893
79255067180
74959884770
74956582187
79175071927
74956913740
79057600643
79175642094
79161129049
79998473721
74953491166
79261740264
79859227144
79774389657
79153000433
79037291180
79663284648
74956401771
79039711996
79169636013
79167109982
79099086669
79857614208
79651983138
79857782708
74957378589
74992340473
74996120068
79197759647
79855298585
74954278888
79166534288
79166397369
74991268935
79167810228
79161917811
79653900202
79036793117
79151671488
79057146880
79268839076
79251728025
79166735682
79161919026
74997206750
79262475985
74956555179
79031414876
79858971560
79163708127
79093077880
79154176312
79670831304
79651057477
79262148599
74953409071
74956682228
79859070572
74956758664
79091533019
74953822935
74953555989
74957979037
79161157846
79161536960
74955090213
79104454703
74958670972
79017002133
79261557593
79037459039
79670231634
79265718195
79164451065
79645551031
74953458553
74951390909
74999041621
79260632510
74957484484
79161156055
74959595457
79165818458
79261243002
79169682688
79015220848
74957108883
79690175621
79264378784
79857690650
74992321228
79164426762
79269727089
79263261659
79032036786
79606142692
79296672857
79057948771
74953407380
79167737426
79265832512
79197673256
74953810344
79035032050
79163335761
79265483130
79165259128
79255087568
79032503379
79167011138
79162537169
74991697672
79686587951
79168119148
79169090196
79646368141
74996168148
79629709998
74812661984
79853646078
79163440106
79263497767
79773364711
74997608493
74959186166
79153366100
79165317965
79162671565
79651529912
79031771080
79264548953
79684258217
79037382856
79257072016
79856436587
74953412112
79265665651
74997550137
79055380687
79154614120
79637155856
74953997725
74953971503
74956073441
79032781351
79163849322
79175203721
74952259481
74953227859
79162798775
74957265410
79778307838
74991358411
74952042798
79268646925
79859229646
79260020603
79057935757
74959184681
79165696696
74997250240
79268792372
74953407882
74952230063
74985057816
79152499085
79032572100
79037217707
79268370226
79778581413
74955453786
79857606973
74956608142
79261599977
79152248245
79772650015
79262550813
79268332226
79265794030
74953596632
79160652585
79857622298
74953919552
79255182161
79197619489
79161563939
79036131909
74956927365
79037578719
79168883330
79689888838
74991320366
79163656459
79035353898
79852294938
79160891145
79037347248
79251416224
79163405620
79265259734
74953945942
79858534566
79255067150
79154641968
74991359611
79263238689
79859666684
74993481900
79161185301
79163535533
79859937708
74951359403
79685359305
74962462554
74992367790
74953987262
74985003989
74953419378
79261309930
79854106463
79166786983
74995599910
74953989416
79262494948
79260159636
79262233024
79262358632
79854685947
74953401772
79153467394
74959958840
79057039804
79164833038
79773132370
79162058905
79031669113
74957287300
79261581999
79036662086
74996132372
79684047303
79055054204
79772607325
74997235895
79165438186
74956457723
74957457780
79060992626
79263334445
74953488184
79032855469
74956602442
79060552040
79671719579
79683935040
79261839533
79165560692
74955877788
79167801140
74957333785
79152483603
79166699323
74957053024
79250342525
79152590861
79150917434
79256175355
74953984613
74956729633
79161400651
79197209242
79057008979
74957137709
79266161531
79254038253
79151423687
79055956239
79032639874
74956350909
74953424030
74953969355
79152112000
79060739473
74956860235
79262396909
79685617124
79037400216
79162249948
79258583894
79687507082
79104073438
74955507592
79853857739
79067856029
79150216412
79165776502
79162737605
79057700827
79647097555
74996125552
79165740445
79037777499
74953415630
79261751418
79152404808
79104078437
79051105527
79653897053
79254880322
79535535689
79036441922
79104169511
74953546321
79265449868
79670930881
79262173268
79264594717
79851885516
79165144221
74994001155
79255896954
79859963909
79689109443
79851320341
79161104263
79166089908
79032509318
74959602110
79165835976
79031330709
74953992195
79037354232
79163110121
79160054050
79261389804
74992376670
79631091149
79032425246
79166075504
79854358017
74956791361
79261221702
79151487118
79037927189
79251781290
74991235867
79036682249
74991641944
74953499054
74957035551
79197208387
79175343127
79104160752
79629972616
74953961167
79250965646
79266191821
79166776094
79031179201
79263922445
74997823118
79774102643
79197640218
79161015503
74986577615
79266239021
74953006232
79066620868
79140245001
79152969046
79036773190
79776027894
79267897141
74953461433
74957082545
79774464576
79067797689
79057596440
74953937809
79629733028
79639991166
79255358969
79161322080
74953461322
79772614450
79160733393
79057607393
79653144567
79154935985
79267336381
79154952003
74965156323
79686637848
79853423140
79163216449
74957043734
79035197894
74999665593
74953968319
74953426776
79999643919
74993242935
74954848682
79263769953
79261504694
79262761527
79269190256
74953591851
79035001371
79262209163
79165774317
79165540398
74956791503
79859745668
79263594043
79032453757
79166113850
79153416605
79773501103
79774295688
79037135656
79261324393
79262090649
79153194260
74953418834
79166705299
79266947807
74996145881
79267169850
79032413771
79039664014
79636276141
74986467695
74997840374
79051171000
79032273046
79252871121
79288727626
79859276910
79261192040
79166971870
79660484969
79639759873
74953538556
79269180091
74953965638
79162535834
74955850126
79258406550
79162185423
79689886524
79168845584
79261263636
79671718365
79175916635
79037710161
79851316859
79099797920
79857168496
74953419108
79265302540
79686814227
79153076744
79162196393
79163645601
79262487958
74991694847
79197235809
79654237378
79857744538
79670448724
79299401688
79257228122
79197714545
79169764602
79636975553
79166562252
74953132951
79258501696
74957799375
79100019911
79853351061
79257486160
79166451678
79262297922
79167556006
79166196304
79175288714
79161835111
79151020305
79295261647
79262239499
79686539900
79175986993
79165470005
79774234767
79851328812
79250106747
79688396269
79269037573
79163000398
79167341189
79261124663
74956543196
79689987133
79629196017
79296835573
79036110241
79265420322
79251429781
74953558055
79261662790
79853939730
79263848006
79166055207
74953958549
79774513188
79152010326
79060770398
79771692946
79152909941
79030354443
79057249643
79296149800
79269470410
79167439022
79261693405
74953407760
79250022267
79151317913
74957141809
79260830055
79032771260
79153243887
79255022551
79261480013
79099905124
79261603518
79261420682
74953911586
79160109434
79167828233
79267235888
74953415024
79035422936
79160692347
79057628096
79035557276
79263617517
79166433945
79260100198
79031113478
79254519773
79055904241
74992322193
79017738991
79261057188
79166893888
79152131581
79269880592
79652998373
74953400035
79671942304
79687111315
79859070239
79636840540
79037146951
79150902252
499953904870
79858172605
79166544163
79261984743
74997221925
79852307941
79169646411
79262293079
74992323764
79037486056
79166726297
79161178836
74957111759
79055126233
79150381983
79032664416
74953863777
79035508303
79162339966
79163100346
74967580258
79601525801
79267170653
79269567408
79032042092
79037780217
79857736296
79167376191
79529601650
79296075116
79777147556
79165906253
79153005744
79154644009
79629664218
79296556508
74954224204
79037076820
74996129771
74955446655
79854302139
74952761073
79262801732
79162754901
74959874615
74953429749
79099980065
79771105875
79851257140
74992623051
79060351928
74953423575
79066462056
79998848002
74992323969
79262682238
74953487177
79166294106
79031732188
79096504004
79684725998
79032561736
79104896869
79160579547
79636730106
79166841747
74955056168
79163004845
79263821687
79153945065
74991616586
79250040201
79651259629
74953955553
79253858242
79991140155
79103567044
79269592546
79152839935
79035792192
79269783135
79039691902
79175085026
79253504980
79253858239
79031263454
79153822941
79060567855
79160061737
79261335133
79686688309
74957013042
79857586255
79260649126
74954215642
74957265525
79055608056
79031969482
79264722260
79262300432
79254880299
74953828968
79963290903
79258281357
79199660888
79169544013
74953424432
79261013032
79261206345
79257706222
79166547213
79037425239
74997930963
79629155478
79163224031
74952286200
79852096830
79066296761
79091509916
79645843947
79243646660
79167154765
79031708630
79153578539
79268332814
79037235888
74953470202
79999628079
79150719314
79165406540
79036652357
79639221400
79636560093
79776170200
79037744870
74996480797
79857727847
79252864164
79263774704
79169137041
79169016599
79150684056
74992501650
79166519630
74957879291
79258881425
79264004860
79998348495
79091522444
74957717092
79165540983
79161633161
79031003832
79263155177
79262177488
79057820678
79998602837
74953473348
79774397792
79265214705
79684537807
74953405891
79853474965
79067404886
74956572932
79852922573
79262171100
79175599945
79266865481
79636068352
79162431589
79686586567
79031145295
79660076600
79268080520
79296025745
79651185065
79853003295
74953936187
79163954348
74953946359
79264783735
79168186008
79037688008
79254818019
79857352998
79857692421
74953422480
79295720402
79684456559
74953464184
74958673124
79859584108
79055653718
74957799216
74959179272
79264745592
79263307520
74958671856
79857822390
79169910393
79199696103
79777713808
79859988991
74959817094
79636317889
74957809009
79156526025
74953420458
74959333936
79167525972
74957754880
79856226012
79154856975
79160282608
79167773237
79166538395
79091681414
74957811168
79165759482
79264668848
79250052003
79057517990
74952803374
79165714104
79854106532
74953412243
79167040020
79265468261
79060410916
79031473305
79688844693
74956200815
79169318641
79036127762
79261580758
74952873340
79099567198
74953667377
79262063050
79261460322
79647650290
74957143818
79999922360
74956790796
74951626362
79262871978
79030314847
74957378754
74955501799
79031146856
79261636467
79266351621
79175133339
79015435111
79168304355
79629244575
79166493058
79670575002
74996491969
79099691512
79852301863
79165861320
79999725033
74992323020
74951220635
74953968710
79265271422
79163078955
74992320537
74953816356
79262669559
79269310696
74953745679
79258407170
79099238743
79262240127
79175812679
79036176650
79067086400
79859672191
79616932212
79104488677
79999294594
79265775059
79686363301
79037495647
79258956843
79055752001
79250375039
74957251050
79151013911
74956923042
79163395253
79859665848
79998589277
74953419450
74959565555
74951944683
79151514259
74956580782
74953411466
79160232023
79105046991
74954190624
79152909841
79637827804
79031367393
74952874577
79057617071
74951398685
79099696726
79036198805
79151387370
79107544690
79055894509
74991525674
79268597717
79671830354
79175844839
79151190110
79165976153
79031845460
79096279229
79661555455
74986469124
79168310847
74953424038
79031202626
79162926460
79265586802
79167247058
74955492360
79099613707
79671354884
79995170495
79169110739
74953139204
79175238298
79261254476
79262092400
79852592524
79651286536
79257561811
79161613613
79166679272
79099206738
79251200499
79163056078
79269528566
79646279989
79163650591
79261281238
79857751407
79057526757
79100134415
74996106632
79163837659
79258696813
79773298174
79067280911
74999078422
79261241328
79267849899
79030037793
79037938124
79250000373
79262955252
74956648989
79646326200
74991259191
79191082919
79671871741
79161688219
79055792727
79266194286
79160365050
74991106105
74956555156
79852609949
79653231211
79165116169
79055284400
79269082212
79197213133
79261087493
79035300060
79166186586
79262163967
79257969253
74953954704
79261419688
74957979090
74992059620
79096521622
74993561819
79142528846
79057176078
79252257691
74956413415
79166850111
74996126513
74956400458
74956655192
74953408428
79036166303
79166098078
79261649404
79647078877
74956798911
74953904492
74956493488
74991207153
74959471888
79253309788
79255550545
74991354504
79263331617
74957775545
74953406848
74954190828
79266700905
79151891253
79161381164
79035311368
79261333359
79268965903
74959408710
74957907770
79261824060
79164033878
74956542249
79055917810
74964530334
74952803484
74953408117
79672178083
79636133846
79067327169
74954711475
79160625052
74955017782
74992719240
74953400692
79771163573
79162896102
74992386155
79032886055
79999829303
79773141969
79057012889
74967628961
79637783431
79689966858
79670400376
79152946749
74992340804
79031611032
79035455616
79269654376
79164606891
79035370359
79152283819
79670553309
79629439340
74967625785
74993563101
79039668914
79104500444
79661082980
79262826011
79175276291
79261233007
74953478432
74957799649
79268588620
79060970027
79032232105
79154897578
79165810023
79263602756
74959402561
79055241702
79647209010
79685361635
79161744259
74951345702
79773394685
74992442695
79672642927
74959375347
79048876782
74953104071
79166845756
74953420930
79104598037
79160158249
74953435428
79265553644
79251748294
74953464214
79255066919
79683715865
79671236631
79262779404
74953463620
74957753934
79263490200
79035200087
79154143885
74953423465
79167050920
74959560033
79263493030
74997840646
79104080904
79262795090
79260319026
79267991923
79265729061
79636457977
79652218888
74953884730
74953403101
79150118152
79168101726
79269736682
74992324490
74956605506
79777269643
79777239613
74953020535
79637180662
79265909394
79168622500
74994571859
79031095534
79096418680
74957777526
79167710747
74957179553
79690366163
74956287893
74953421807
79588124833
79150729972
79251930605
79260960216
79055271001
74953457839
79055319090
79055324488
74953422984
79030037065
79168680129
79258880455
79258584372
79032191555
79091517547
79857725917
79154335555
74993577850
79166727161
79169263462
79166847522
74991941275
79778320173
79262094742
74992657308
74953418577
74953415079
79162469403
74959814234
74951086834
79166566407
74993561684
79035772375
79161553744
79772810390
74953421819
74955930515
74995570470
79772640165
79151035451
79859550891
79151997159
74959522368
79151421060
74953403736
79852880095
79852984764
79036868000
74953400893
79151234353
79161588417
79096991100
79160630007
79161833595
79852100469
79670250654
79035219540
79175855100
79096888959
79778997225
74953453929
79851614701
79150603862
74953409822
79651087616
79165044060
79262091440
79852047807
79691231444
74953997426
79263379720
79997854121
79057107006
79773400815
79162191686
79253549626
79266777607
79651402416
79263497525
79253244426
79645649503
79019980409
74967641981
79057322998
79151415110
79262164695
79057125329
79055710055
74953814649
79254417100
79151116766
74957181785
79104648176
79161359628
79633801119
79268460282
79295611065
79857600206
79164619202
79250647892
79099068595
79032695843
74953983925
74924124834
79169926338
79164873292
79167808788
74957255925
79104338496
79670583333
79772507852
79053797430
74956859321
79639228485
79036682270
79689134579
79036781996
79258421629
79262664709
74956790539
74992772458
79166227976
79261488836
74997226200
79859860963
79672945938
79851593474
79261075771
79160706509
79152133311
74991986060
79651020901
79165850595
79261980519
79654415557
79035390228
79254015237
79260869226
79251880415
79057533612
79035944921
74953964134
79265900629
79035096617
79168001058
74956429580
74953747952
79265756069
79778990401
74956275545
79036294570
79672727979
79629556738
79161982697
79161049211
79161346355
79162175100
79165202066
79687876622
74997860824
79067111020
74992607108
79067283579
74957199999
74994003694
79263190591
79854106990
79261234524
79295256734
74951034812
79169323942
79175001720
79067855106
79851547637
74957700649
79670173648
79031302911
79167288985
79265316352
79266720098
79260426820
79265312727
79582222242
79645967470
79269816863
79032974488
79169323904
79164144411
79035918230
79773895950
79253900188
79104541642
79646422003
79067465405
79256170002
74953421659
74953971109
79264543032
79263849786
79035195976
79854578444
79154538962
79261191970
79777025724
79264230676
79104424093
79161844047
79037966263
79267901136
74953449790
79267517809
79067036484
79299291792
74953469085
79057855534
79257895846
74991214973
79168058155
74958490792
79267795065
79197269811
79857888444
74997417489
79257728338
79104522760
79037430727
79055749182
79030001704
74991650005
79267022180
79857466271
79151895740
79236698800
79651013872
79255048495
74953414993
79670790220
79646354951
79161316136
79060985625
79254157103
79031105799
79251007181
79168190768
79859079291
79852290540
79162345296
79055471430
74957096332
79670709555
74953420076
79166091222
74992324387
79260398718
79161297596
79661778922
79266034329
79256832878
79651125202
79162615161
79104551640
79257036088
79037415963
79036871232
79104705846
79162653477
79166564225
79645730040
79264442232
79299140286
79775709273
79032831701
79991110969
74953487075
79057645699
79067598528
79161377933
79250431425
79647770075
79255258629
74956708667
79161858960
79262627149
79043570824
74989175427
79057089043
74958675495
79163494249
74953554614
74953929781
79257197616
79686534999
79154958288
74957706359
79859200513
79269032666
79055084383
79687195019
74953916538
79647228006
79153408037
79168041519
79262100070
79104838405
79264930789
74993220593
79152752232
79687925570
79150396864
79162395075
79262691665
79161539590
74992324765
79651027218
79167172788
79262749714
79254080883
79687060451
79367771888
79031543085
79199671268
79169002337
74953449466
79166611529
79037450403
79035568100
79167774627
79165922612
79253029596
79250444456
79162244963
79262263360
79169184407
79162477368
79055990608
79151280886
79661691133
79037527112
79169506636
79060829330
79161916491
79110300400
79851134631
79853347010
79162275561
79663502984
79265948800
79269213961
79165022603
79166098672
79859808708
79251453988
79160702030
79854404406
74953937074
79255830183
79688244002
79629605565
79261523217
79151960037
74953967557
79654472706
74997227194
79264657876
74957130044
79253605799
79256647543
79152477702
79646305394
74992321072
79788699149
79166649202
79299415222
79036635987
74953951391
79162070877
79151644354
79637519271
79175087126
79161940977
74953182817
79160866816
79299826492
79689410146
79032642992
74993574234
79168456818
79104545609
74991854374
79689441866
79037970449
79267599882
79857687087
79296075915
74955925680
79164515881
79168459409
79152369227
74997453411
74992442681
79778579608
74953270476
74956559269
79857820136
79264106736
79067993422
79104801636
79262280101
79036603639
79165911867
79169695676
74991773679
74953064727
74955963949
74953412735
79160357758
79067600590
74953430953
74953423842
79099068061
79263830731
74954966983
79258818861
79166783101
79104070171
79299631970
74956888241
79646358181
79166055915
79153584366
79299333159
79166559279
79636518268
79261293608
79031882198
79037785894
79853670189
79166268462
79031208200
79647710500
79265658725
79067588926
79152210098
79265571232
79161277964
74957092441
79269056075
79161987999
74956592060
79857844670
79160401131
79169422549
79254196740
79166485284
79257109577
79852621551
79253135656
79990989263
79853087838
79637117882
74953407693
79161450249
79261710845
79636801406
79162828606
79163220604
79261810529
79850956543
79269714544
79103086776
79031931470
79153813473
79165231212
79150546888
79262759485
79060552525
79036372023
79151998863
79262348933
79057001009
79775729498
79851471528
79854242578
79295258775
79035685022
79179388956
79169346176
79256847678
79671486688
79060399747
79165363782
74953225693
79852110096
79017838147
79262702164
79250963600
79773569387
79039184418
74992703588
79777147371
79661948062
79161140650
74992444316
74951253031
79295324961
79166004154
79035225522
79854780769
79684313011
74952807654
74953433294
79255077752
79150426444
79030057619
79265848837
79779001522
79267777957
79851592999
79037769185
79164054810
79672245568
79260790960
79175450105
74959371100
79663895867
74953407708
79032898099
79262813322
79104192146
79258451900
79265356901
74957156254
74999226677
74952236840
74953927986
74954986418
79255953244
79175950404
74953421894
79262675007
79191094919
74953400312
79037596722
74957007209
79154017494
74953886097
79651975519
79652433683
74955361112
79252586031
74956899523
79168240253
74957706680
79161248650
74956796152
79165223146
79254509155
79057433614
79652926161
79153456680
74993735574
74954158613
79164753020
74953453928
79057521379
79999002025
79057788548
79859925432
79262177787
79654180809
79265782456
79151444717
79267094807
79167922597
79774238583
79689466040
79166035080
79260828818
79031395709
74993700249
79057387070
79653441073
79031582554
79153707067
79778812480
74954235897
79253562526
79037336003
79671794179
79166003600
79996799495
79067667976
79154907636
79688179626
79055572179
79269792000
79166887738
79267814085
74953425696
79036600204
79153167610
79689816700
79104605803
74953225135
79263911291
79057944681
79169946969
79253801801
74997278382
79265602036
79651014027
79035037332
79651925348
74953428741
79032024138
74953990419
79104742671
79036845339
79856367216
79777142433
74956426316
79035777744
79163566930
79168724535
74959130000
79154504875
74991758845
79031754822
74992676867
79165352022
79263364666
79647777830
79647957950
79037501112
74959835998
79167104203
74956411034
78672537382
74950122200
79031964583
74955500207
79151970928
79774525539
79034866645
79996745218
79660888755
74953555792
74996540101
74959951632
79261522123
79104562454
79777275760
79104128053
79660131215
79262846497
74957193630
79167804034
79265856527
79688315333
74953158046
79162510130
74959825540
79269671000
79268226941
74957309633
79166023564
74957126473
74956952538
35952997344
79163905318
79852420705
79689264638
79037489177
74953594087
79384111145
79258557848
79032670002
74951954901
79154214811
79154973091
79037551215
79153352036
79851144660
79999900989
74956773402
79687150285
74959175071
79629059151
79265942855
74956559192
79686342027
74953212887
74953344147
74956458405
79851464234
74953228679
79263560033
79268682240
79163612244
74959594273
79057430000
74959150712
74957141155
79269279702
74954191708
79263170741
74996199964
74957374382
79857761554
79266215521
79104543465
79260484983
79260411003
74956909559
79854428873
79055341785
79256834363
74953428785
79647605991
74954685688
79265376026
74967637352
79151307316
74953810472
74953426536
79265217791
79067870146
74953088209
79774643894
74996536574
79057855811
79255009043
79857693100
74953404153
74959178095
79262710028
79167348450
79067456463
79859097579
79998256230
79036222828
79629367213
79164238338
79261524306
79163475749
79169271778
74992323590
79264509996
79165101600
79263594698
74991598464
79099127898
74991405339
74953823184
79263750614
74958673255
79264007884
79037771745
74953039073
79777230201
79672263322
74953408306
79859293424
79151251893
79037312565
79031497915
79260400096
79262284256
74956582704
79683880360
79162747841
79263347010
74991615863
79629589391
79774133405
79855140631
79169655927
79850951858
74997387011
79037889764
74957128389
74957144384
79638092018
79161911431
79261689247
79165008246
74956211949
79162066247
74959493584
74959802345
74956041055
79031730597
74956450292
380993714708
79165164948
79263504242
74991248144
79852221165
79645063771
79251765382
74991672094
79255147172
79257297923
79672161135
74953424558
79163333580
79169257434
79263004296
74954320542
74953957278
74952346273
79166141292
79266177593
79175178321
79262555644
74956655960
74996156006
79851204820
79015302525
79652643050
79689405470
79852405203
79250964282
79163600128
79166337661
79037388735
74994260607
79266810468
79260400452
79257715819
79055885774
74957811744
79636397964
79161336068
74953405843
74959957851
79151590730
74953407373
79035442955
79269824657
79163498955
79165118400
79262709055
79161053150
74953422511
79670571277
79261771413
79067636633
79262475883
79680670008
79153000164
79165126613
79629080330
79771838330
79257503017
74997416240
79266905895
79104349294
79104805893
79996776705
74953418441
79250306390
74954425631
79162050780
79588193765
74953104632
79057866109
74953401390
79037305313
79035164488
79253715072
79856876678
79263055546
79852421182
79168609323
79163185470
79150603892
79775161973
79166783435
79104905016
74962125860
79151664979
79778633100
74954248116
79853190338
74957177375
79854790809
79163795516
74956262792
79857874266
74952307501
79037629605
74959165301
79258214738
79035975625
79055129143
79269243491
74954432924
79663870387
74959818484
79163760465
79265731854
79150195466
74953495968
79161041477
79262580010
79268903011
79165933671
79852631005
79037891604
79165278727
74956714787
79629987878
79268210717
74953426306
79671076663
79629465247
79776422707
79030062740
79031431940
79166534320
79660076677
79256523660
74953428733
79663155251
74952218190
74955805621
79060549089
79031117310
74956034348
79031784078
79162738380
79652154095
79035799999
79031449450
79264082778
79250451763
79099082288
74953498513
79637168675
74953413773
79661899354
79671713285
74992130281
79104384366
74957394701
79776107684
79165064123
74997411219
79262908495
79036745238
79152444570
74953588204
74953510253
79168462088
74959742891
79153778830
79166468445
79776743149
79646264585
79057367042
74991406406
79256202181
79035855232
79685030212
74957869851
79265504446
79169121497
79152164554
79104013137
74956518404
79161150505
78123354918
79269000697
79030097912
74953599434
79256031339
79161200006
79262873361
74957270787
79168056514
74955574422
74956656369
79296276459
79536808480
79636537450
74993673503
79262037724
79153803380
79859702343
74952492438
79165567230
79037631701
74956253117
74957061416
79067023444
74951555155
79168186015
74999298595
79055231196
79031912200
79672291404
79035465409
79153483634
79859752358
74956631100
79031096982
79160575478
79031299320
74959759036
79152748633
74954071523
79166515146
79169377247
79037991996
74992133408
79150543256
79091539026
74951034507
79096954692
79687037818
79161701036
79165378317
79266618786
79032498840
79636517111
79163832391
79163079565
79162700555
79856904650
74957153219
79030193093
79857241183
79036882664
79777519616
79854905734
79104714700
79772860447
79268025354
79104283843
79037439653
79057582908
79032238822
79258934783
79104728992
79039660328
79032482687
79104680890
79266409825
74953708502
79161223333
74994920534
74953661374
79772998980
79629696042
79261572919
79636397776
74957512841
74953424772
79671207911
79154142978
79032871227
79162049684
79688826827
79166308836
79262352950
79035912843
79164040927
74997431907
74955056534
74957051430
79686917799
79263537739
79169822894
79067162152
79256812181
74991104243
79647674735
79162464766
74997842130
79252627036
79263429099
74955517879
79055324305
79104464690
79258381803
79023034554
79854100076
79165417044
79671234264
74956608150
79266545434
79175780828
74952251974
79104024787
79629327070
79639619397
79777571702
79154064590
79262001565
79032743879
79057121111
74991793011
79258142955
79262151590
74992182546
74959212800
79263210026
79858099219
79264651972
79091515647
79684754583
74986012769
79259382225
79057930579
79264214890
74996188248
79154276121
79255367914
79266065605
79998198233
79677109535
79067586387
79167799420
79163344994
79268889197
79163417606
79104575766
79999666883
79161905060
79257403836
79164500245
79175901924
79060862232
79057564271
79067068772
79772642931
79258274733
79266926074
79166069635
79164982939
79168447373
79152909696
74991545451
74955508411
79152629777
74959679639
79035735618
79652363434
79261632405
79099723076
79266042668
74953420925
79104007959
79153474076
79031959584
79168364967
74953996145
79636120014
74992320347
79165697754
79031837263
79017691097
79067342965
74997413861
79850322019
74953907461
79262859136
79035498303
79164571145
79771826221
74997375486
79166550871
79253812797
74999430631
79162037686
79153380938
79032110174
74959522240
79150675125
79033586457
79167717235
79104218869
79852408967
74953408588
79161254761
79252429625
74959115015
79036266830
74986987731
79031503056
74953459317
79250766673
79266791398
74954444157
79261868100
74953400184
79197240419
74953018209
74957091891
79268309219
79166305265
79104923717
79096382882
79096649109
79166776985
74956828176
79661452074
79651377443
79060842422
79581927564
79162102712
79651399020
74956592369
79191087117
74957158950
79036761922
79651242207
79096428418
79264709455
79263213710
79057837737
79057955482
79036137172
79067948311
79161519441
79166815634
79104010005
79265671064
74993207993
79035815489
79771625109
79099127070
79037224561
79175270130
79266494903
74956589719
79163233388
79162721681
74965733162
79161975458
79260124941
74997444671
79156748091
79160147660
79853021755
79262926864
79032836444
79152774228
79035427365
79688694244
79265712808
74991463150
79036720467
79267564274
79153338457
79055745240
74992320140
79774395459
79253456990
79859992925
74953413644
74953979149
79151151463
79258639682
74953413068
79645822331
79255079881
79060623761
79859086036
79778359070
79150196410
79106526150
79773145884
79263501221
79859995324
79057519209
79782797759
74993747773
74993578623
79859542039
79057109758
79636397012
74953401453
79154097116
79164652810
74991566808
79268750007
79167822072
79154255455
79167995466
74993740072
79296839370
79153515459
79670580830
79852705542
79773817204
79636547787
79660735165
79857695895
79261222841
79035443266
79032770279
79099953737
74957056586
79858158251
74991754408
79035151480
79032249796
79151485916
79296840105
79252812331
79252748682
79263070973
79857689454
79262874876
79266567731
79160555659
79266211806
79629003313
79150573990
79032944482
79162657715
79851320599
79261531394
74953403084
79099053711
79055306261
79859988738
79539575552
74991711667
79854482726
79150533746
74992320620
79251259733
79162725799
74957014927
79103653350
79263632112
79165751645
79165806117
79055422019
79661951925
74957133191
79260177774
79261389316
79259347058
79035104702
79299125523
74992320195
79295511483
79057215047
79162671910
74953478431
79175015844
79099732397
79167536478
74953965794
79261253102
79268870173
79168009925
79161931876
79687310171
79265902090
74996162151
79688203939
79260181985
79169028721
74959160252
74953583193
79537814778
79252580189
79165265615
74958675609
79253600631
79096699635
79251884989
79296258761
79636490044
79152602037
74953212293
79168465165
74997933738
79150581929
79167946630
79264600283
79169178484
79165030312
79175158285
79663576906
79060454918
79261550155
79002065025
79660036627
79175181225
79169163439
79055566582
79773416973
79258384738
79167567941
79165087874
74957370300
74996518106
74953432496
74956134041
79652761515
79299850911
79853646366
74957898950
79296307249
74952762975
79160383251
79031902549
79854921481
79057204090
79163051211
74953955403
74952873433
79261606686
79160851759
79161673592
79031484442
79857860676
79165168434
74957772525
79689663466
79265960954
79099422102
79162932565
74953992980
79167770404
79252597799
74955040154
74956450562
74955437232
79776953433
74953416075
79150169276
79165270888
79031634137
79036842556
74959559415
74954115311
79166276917
79163516420
74953419106
79645231405
79165010870
74957059401
79197296449
79268215763
79175533764
79151541126
74991650309
79636400234
79636824949
79267118836
74957034400
74956065834
79175789437
79032389468
79091512334
79164508736
79035757156
79774974340
79175382139
79169171441
74997435208
74967545900
79263581471
79032337529
74953959092
79031286977
74953634697
74957110478
74953911263
79266565687
74956481018
79166060541
79663290697
74953998652
74957853311
79687266018
74956704681
79257107204
79055008118
79035301514
79161937343
79637250017
79261166923
79855591853
79266224348
79037707455
74952344397
79160140737
79055799899
79645351919
79161762823
79162308893
79035361036
79268002579
79060879996
79168820381
74953423163
79175641516
79265042245
74956588207
79778625243
79998789400
79161638556
79151884222
79055654938
79671076368
79263007808
74954607854
79853895705
74991756085
74959373413
79167291322
79160642726
79296774488
79167766855
79687840553
79265635152
74842704656
79037588306
79032245088
79207479276
74997474806
79265424482
79670045665
79637235944
74955487871
79689841556
79032408850
74991885363
74993563786
79036132126
79035581152
79859900269
79031131421
79263284341
78672511075
79999693881
79165064284
79057487626
79852235373
79017438729
79251582972
79774082724
79268170089
79683982245
79687814744
79265353592
79859668524
79250506261
74953816168
74953420939
79163088212
79036616768
74953944450
79032927227
79031008000
79686479085
74953425685
74956376996
79263433107
79165501249
79629001079
79096467733
79181043888
79251696694
79257315191
79851954136
79166754523
79647971289
79161058935
79260217444
79161442369
79262375473
79300898881
79269423937
74952329191
79151907983
74957165500
79858254877
79859927929
79037531522
79857835094
79852902680
79161938280
79035964216
79199980865
74994596674
79152783926
79266868815
74953489262
79252644602
79104596164
79164999696
74956601039
79851892598
74959959545
79164047891
79854459510
79261716807
79265439797
74955648833
74967699992
79265759523
79104789542
79299171786
74991374503
79166979073
74999383131
79015783940
79057724627
79163817260
79057969073
74956941000
74991443897
79264989182
79265815981
79035651145
74872704604
79299142723
79162615205
74954425122
74953268123
74995042828
79652948332
74953412696
74952595201
74957136369
79169050823
79859901535
79197736845
74954340097
79161334851
74992731791
79165369581
79857766572
74999998000
79251297887
79266156065
74957370054
79296653608
79162186272
74953429666
79672270990
74967644116
74996714370
74842584769
79689797202
74957050116
74953408573
79060684750
74959802498
79017498040
74992322057
79035642132
74957899646
79035093420
79776205396
79163026462
74954986586
79258701959
79773175628
79645160302
79096579961
79854542114
79686295793
79161785984
79773521887
79269222929
79104183232
79067889818
74957465624
79263972354
79169917760
74953954762
79268320504
79652512880
79647061680
79031258825
79163803014
74953099037
79299059405
79859594443
79265622222
79684599913
74959339565
79104449410
79629248596
79150219860
74955499206
79267666644
74956412314
79163871280
74954220710
79265373742
79163259866
79037119422
79672596406
74953981643
74957031269
74957770255
79266793240
79099541628
79688618622
74953892025
79859912320
74957121026
74992416367
79162184195
74993205705
79153444410
79653727505
79672672679
79267312655
79258546146
74997833374
79169277224
79296377923
79167890220
79039683142
79629277280
74957483033
79267337950
74953921834
79168442271
79263067557
74954209447
79777287804
79161190648
79038441991
74991915167
79265384897
74956458240
79778600694
79858654162
79651047225
74953801400
79105705038
79623632832
79261187317
79037331223
79267371235
79680070169
79266833908
79639630639
79254504046
79032381155
79032575520
74952283030
79654678248
74956460349
79031095743
79160950709
79772614642
79099895383
79295562956
79264236114
79161688820
79264717214
79067948315
79265013060
79646355819
79852563187
74992482497
79255818030
79250847353
79858007165
74953464139
74997436875
79605312946
79250916161
79194115011
79099105849
74992423268
74954190320
74994005555
79686382953
79006511166
79037648390
79254175510
79162603566
74953916261
79253181898
79773932579
79168042151
74953434239
74951851896
79684045163
79163658563
79015930458
79104654781
79269132000
79266161085
74957853822
79164120021
79153274852
74955141051
79268434194
74957771495
79031831441
79683617533
74957377272
79685630608
79162223007
79104924863
79265740887
74953460698
74952580400
79037235053
79032038811
79856448344
79169768484
74996084485
79267675562
79166630653
79857630657
79646475437
79160066033
79859783562
79263832574
74953401773
79057310075
79653947493
79259179491
74991210211
79854588662
74952256800
79161218114
79037753836
74993574313
79168884540
79164194742
79263491417
79099027209
79096908811
79162475893
79154811529
79254957313
79687547600
79266587775
79151165565
74954256062
79161571568
79671255050
79683354072
79067999929
79857686169
79652816060
79167870558
79166752070
74957751929
79168161701
79150000451
79032048814
79163705776
79197744803
79255051330
74994320292
79161867043
79266938143
74955428196
79854315486
74991566972
79036311567
79006511155
74953591780
79067633876
74953426663
79265566977
74957799466
79032808197
74953986960
79161742254
79265351284
79259310701
79167198606
79067337522
79651808767
74997426279
79852493919
79175187127
79160788172
74997052033
79096336551
79152248626
79160204111
79031353636
79859697514
79266052065
79168734765
79299549741
79267770910
79654321409
74992687463
74997250339
79850038858
74991861174
79168456860
79534223551
79654338010
79680615622
79167265262
74952690131
79265315207
74995500106
79197228053
74957045285
79199619112
79255051567
74953959587
79037966824
74991290533
79104445760
79091571704
79688083237
79161555135
79262380903
74953470405
79269598180
74957757900
74957184352
79260705231
74959135750
4917661178625
79251907038
79164850582
79067607085
79037954777
79260972620
79258851383
79689569524
79853307350
79152283595
74991748616
79367775909
79653667713
79670682282
79269990492
79151252230
79250920592
79165943242
79268410461
79153358693
79166815743
79262621510
79652365533
79152120172
79265795025
79688868811
79104565074
79104385967
74991252602
79099295026
79168446943
79295016618
74955878156
79653963334
79779674327
79160208080
79257309416
79165139634
79067926855
74957803553
74997441924
79263305405
74957819640
74992425642
79261563193
79689591717
74957907028
74958671447
74993080165
79104364697
79039753855
74956565752
79299613290
79164515874
79017470922
79039721576
74992321990
79169617877
79653696516
74959819709
79255618313
79252930594
79260812788
74957830143
79169038622
79263244746
79104648706
74991766344
74955792191
79199901488
74957757879
79264270731
79251324001
79164715699
79629093344
79055599718
74953490572
74952236005
74996775389
79774344808
79099711244
79169608828
79164056223
79259258473
74953552190
79266053662
79255079591
74957887003
79060391460
79267163041
79252014458
74959117133
79990035086
79779663638
79670874585
79164330603
79268790416
74953968446
79260101289
79162217285
79162494846
79775496441
79160819451
79537083328
79999002309
79165681630
79256792433
79150974707
79035123322
79267502127
79256385494
79637127900
74953403797
79151378218
79654042233
79689215247
79263343654
79672371166
79099519695
79265453299
79686563387
74997673607
79163071875
79030042222
74953552811
79854784734
79057012742
79169586507
74996519851
79685221616
79160444904
79169901856
79588009843
79160654321
74953959019
79032216423
79265769828
79265745836
79261843914
79160823710
79161898798
74991323449
74957144173
79165558376
79263590599
74953162907
79651202627
79031412537
79201817707
79262588430
79269560580
79160288412
79169012677
79031791721
79163264802
79689894110
79169252185
79269161932
79687641377
79852982200
79660997349
79037140052
79164462147
79154555392
79032561435
79175558968
79851703232
74953541555
79151272692
79165717880
74957100072
74953428619
79778279782
74992321887
79265284788
79037885755
79268109333
79653100377
79852322102
74958672384
79036156733
79166964082
79161537836
79851210097
79166167021
79257276027
74993205170
79166961803
74959414902
79166260884
79152681529
79150714600
79264667510
79032833988
79163858876
79055401114
79776073987
79015194831
79268433836
79202758316
79039710621
79639773797
79269912235
79175033196
79295737506
74953423401
79857799022
79175236327
79852002333
79175023105
79036848605
79032782222
79037806862
79670345202
79771995002
79685702097
74991728919
79154247827
74953952932
79169905448
79161572013
79168836683
74953552853
79017019542
79254657414
79175781048
79104701433
74997221651
74953418024
79151861735
79160188190
79897456969
79853116919
79067222814
79672227089
74953412327
79652493138
74956796272
74954726668
79651248320
79684766000
79851575763
74953897060
79637507298
79295349699
74953520597
79255812425
79099978827
79851310675
79152911121
79260886008
79654340004
79150555444
79096983054
79267888885
74953405454
74953982484
79165222474
79265805511
79060387676
79037551805
79036266992
74997240777
79268807927
79032734200
79191007873
79160376785
79258510121
79160396406
74992343601
79771096044
74953429265
74992320668
79998402075
79689453651
79165215442
79031078217
74953473484
79652862811
79032626138
79165681160
79637732855
79057239709
79651346828
79265202062
79296083422
79688221079
79261882645
79778096702
79099622157
79262710898
79629985131
74997255570
74991974080
79257723401
79104263357
79267007752
79263113333
79153075105
79851214939
79266446061
79261562630
79265643393
79267885000
79037354222
79166855708
79267120504
79853862705
79166848466
74953497065
79266382299
79165439389
79661384488
79060333222
79037200956
79299990762
74991400641
79154175859
74953944517
79152455492
74953948514
74953482218
79032187356
79261335619
79854242043
79150922528
79267991919
79262883818
79252050708
79165171051
79261854222
79773230013
79152219305
79670625393
79169409871
79099860151
74953402996
79160136495
79670190431
79166607151
79260018480
79637803450
74967953999
79776116557
79030068902
79261325770
79167337253
79150751082
79162200420
74953411750
79651306997
79663807474
79629984882
79153112629
79777904730
79250002501
79099410648
74993201576
79067356383
79774049861
74956755345
79267261781
74953332471
79671819321
79647758443
79153000278
74986614415
79153418682
79161292209
79296100448
74956655600
79163723452
79166298376
74957888938
79850247609
79030108112
79169979435
79266039371
74952807271
79038300523
79162100666
79099944400
79670606808
79773305291
79262678328
74953459641
79154626286
79163387346
74997841257
79151930276
74957868090
74953937804
79160414982
79251333350
74967355256
79296653607
79260238084
74997461632
79629778206
79854827100
79260657803
74953871798
79040052442
74995078529
79253846004
79104045866
79851780200
74956283425
79660456520
79645166412
79175625407
74953420969
74957307442
79197282806
79151599553
79169005478
74953009834
79268824916
78126170014
79091668811
79261839688
79251348493
79258819661
79161527411
79032887731
79165010298
79261449851
79653699491
79104606052
79253230373
74953427513
79295150180
79104791904
74953411928
79636039006
79167250727
74956405547
74954674630
79857243374
79778814951
79037812492
79263880975
79851936631
79264462100
79773433094
79266293231
79858895050
79165577354
79651868137
74957311968
74953554955
79160077608
79253212434
74953300130
74996156594
79259036233
79652187955
79057078627
79653787423
79057328337
