79099603092
79651487744
79265287511
74953937475
79858542164
79032274747
79165887239
79039606967
74953404225
79161299686
74997431104
74952342090
74956559274
74953580749
79104524989
79253082780
79177559336
79035821551
74952780008
79099035722
79057225572
79165519064
79165196998
79169392238
74956697040
79175366765
79252230307
79260916996
79687626696
79686157333
74959700009
79067800373
79264238659
79250305245
74959951001
79175535848
74992320007
74956214950
74955316300
79031736426
79163834434
79015394246
79250966720
74952297600
79096992999
79036222828
79161687234
79267536627
74953922773
79857835094
79035642132
79261031754
79853031852
79684233979
79135001669
79162156473
74953819929
79295327698
74956655600
79266933114
79167922597
79773500967
74952328775
79857763702
79037984900
79858210519
79161861072
79104537711
79265268430
79262044376
79175768595
79636456150
74959371618
74953990419
79150967200
79637507298
74952762535
74953428691
74956208134
79621689797
74958670511
74993246863
79629349555
74951661261
79672565589
79671672007
74959299445
74956412317
74995042828
79251943715
79060907848
79037384353
79057517990
74956727177
74952150390
79264306898
79055856060
79859998073
79169164451
79154694771
79250245578
74953945942
74985059361
79166598083
79100199892
79263674056
79153467394
79851641533
79852654939
79250221809
79152175986
79104083651
79036682577
79257109330
79859353676
79251205090
79265359292
79150012835
79165154665
74953900746
79162622282
79256826113
79163854714
79167007809
74958491045
79151272769
79360007408
79168793326
79037458412
79150368545
79254305747
79265230917
79152598141
79037966622
74953400692
79104820510
79653217766
79261788339
79035222996
79015469435
79296478019
74953963768
79031778280
79031322200
79851977138
79263428630
79851772595
79168101359
79167513551
79165328538
79092630100
74953219405
79104251903
79165912806
79777239613
79261270096
79998101407
74957137709
74991786710
79156272835
79017734564
74956592561
79161690361
79169125440
79031527289
74955551194
79067069061
79859081361
74953979375
79266312724
74956237349
79660327881
79252878750
79221178837
79258354228
79263374928
79263238689
79165892531
79266053662
79269102133
79099381398
79037970449
79166049808
79265535966
79031736762
79166776094
79167463188
79853167232
79687950444
79775864456
79258063882
79169682688
79032735575
79645222889
79169710088
79037885755
79262245429
79268293174
74953548894
79104022525
79636517111
79645249223
79776100779
79169637741
79852277872
79160446811
79687164455
74953488842
79268969997
79671911936
79268309219
79261915191
79037552919
79151860700
79164111652
74959367022
74996665293
79153201080
79857692238
74993208274
79258439853
79163905318
74996160724
79163293279
79262792409
79688897969
74953407490
74953939919
79161802087
79057693820
79037305445
79161133580
74953457594
79166023535
74953989056
79999792521
79104067965
79169160382
79036826364
79268889233
74956884919
79161381755
79672419229
74994784379
79269781000
79055926699
79161487347
79859978880
79250266814
74954380139
79671077498
79166775958
74953450858
79257721537
79162737605
79629003313
79055827925
79636547787
79165703024
79169179582
79037911279
79268676113
79856248024
79032890190
79153000164
74954702075
79152750694
79057790055
79267856433
79166060541
79859877944
79032151212
79671679684
79152644370
79260019582
79854631855
79162939523
79169607166
74997219114
79163232384
74953407578
79267318848
74996109818
79031297079
79165645204
79653971309
74953439980
79154360074
79153778830
74994810115
79672097273
79099694463
79645818514
79252250894
79037606099
74967659326
79261636440
79268109948
79067388211
74953429377
79255063474
79263346461
79167104203
79663405149
74953508419
79162781520
79037620865
79037751234
79268852825
79263413366
79683390087
79859375618
79262891664
79853314303
79191072269
79778482480
79104540046
79104673597
74956583273
79778035315
79037392126
79091539026
79257726067
74951203604
79031880505
79169189049
79267796000
79774016488
79852806612
74991479955
79851100866
79680698165
74953411649
79258696813
79031016374
79153878188
79265507485
79852130937
79167809823
79263639736
79154187655
79690403410
79262132857
79151684431
79859358153
79854383111
79269489862
79269300511
79778788544
79150545139
79260936936
79165470055
74991695062
74953409822
79067862015
74953405239
79855555543
79162221131
79163430973
79852825507
79266429901
79166171647
79652947711
79774870553
74957523113
79153660546
79031481172
74953420004
79099746896
74953942287
79163806119
79269222929
79296583224
79060951818
79104645067
79152716010
79295579715
79261115599
79152218997
79168147784
79652047894
74967625859
79166754288
74957449674
74953954040
79255615466
79168831092
79161362807
74967608595
79165589656
79031790258
79032678484
79104232084
74953194152
79169305028
79161312206
79153554388
78122442463
79258540186
79773147758
79162419931
79096311371
79035283855
79099523103
74953791789
79152832801
79166020810
74992320208
79161128056
74996113164
79037331223
79268351275
79152223072
79160861633
79163398277
79663566565
79772909395
79031682528
79268110679
79104294695
79646214047
79197259548
79251333329
79670329464
74955875534
79257403836
74997476857
79859800632
74953457281
79261373445
79258063095
79261522123
79035370779
79037481251
79637771777
79165525586
79037104668
74957172460
79197841949
79151001033
79163135609
79104006776
79859912320
79164383333
79853338675
79197759647
79269384808
79252000448
79774870543
79254674505
74996530128
79296460825
79166953318
79031931633
79166501983
74957143818
79169616309
79774442195
79261839688
79169544202
79257043367
79629531210
79267215356
74997227459
79067623401
79260867613
79055666343
79269141439
74996172541
79161161140
79167056305
79163365570
79169927076
79057855534
74957705554
79637630302
79266678284
79162066247
79857771126
79645728900
79150741866
79251159060
79250327276
79257753270
79060906311
74953992980
79165651954
79250005828
79684229107
74953552744
79859236726
79264816563
79154526545
79262119559
79161563441
79263305405
74953400948
79636552846
74991698867
79166418607
79653888960
79055912991
79153422236
74959428254
79856462317
79852542688
79661423275
79036666607
74991449264
79263055223
79175955171
74955502846
79169000959
74996628812
79037298001
79853037858
79161153364
79163532881
79851962251
74991457861
79629944477
79032101382
74953415339
79645843947
79037993238
79099674307
79031654689
74959457688
79257250595
79264194622
79251508393
79175833206
74957799466
74957112585
74953554380
79096611726
79251823020
79267867996
79663004440
79035048915
74956682093
79175209954
74953414270
79067880839
79859755707
74953418563
79161408059
74991330675
79255074635
74957880331
79652613245
79099990545
79153651999
74953412232
79060979089
79266006223
74992324181
79166451678
74956768666
74991374503
79641474444
79067130382
79175232717
74959813800
79654237378
79166942389
79104404454
79250286108
79197842286
79032034428
79263596649
79030037793
79636317889
79055199898
79151251893
74953911882
79853183444
79262872600
79263544721
79169729729
79264636477
79060975757
79251661224
79637605827
79037145051
74957156781
79857652874
74953428042
79055691381
74992320372
79151488627
79637219783
79165923412
79032852454
79266139280
79165689548
79032605407
79099644002
79166754523
79037782568
79255840505
79039717687
79877927365
79035974559
79266174054
79263454554
74957859472
79152456534
79687855168
79037224561
79610747141
79672632393
79263563460
74991840179
79629819981
79036877128
79645288809
79091538240
74996526000
79031707143
79852959597
74951253397
79854100076
74956147326
79150373030
74957779990
74951392129
74953444429
79153027515
74996829310
79852592524
79853645207
74957852910
74956171366
79161545043
79104248822
79263279002
79257726408
74953418980
79035362819
79266239201
74995599910
79161893321
79684723316
79850502288
79257706222
79261966895
79197754448
79199974974
74956420903
79152242106
79688275035
79670431033
79099365566
79055956239
79260070078
79859900373
79108117949
79264571080
79773399585
74999524172
74956493488
79099027209
79036133109
79057223929
79265572567
79150603892
79264064000
74992320657
79037694950
79153338457
79629239393
74953932935
79099723076
74952872370
79031603841
79055084383
79057213758
79035918230
79260760200
79853654741
74992324660
79256386567
79032527100
79031494042
79680774236
74954953552
79777734326
79857777937
79686629316
79857672709
79037602974
79164450887
74997210133
79690164416
79645519257
79266788348
79165574580
79645914010
74992324686
79266447031
79636824949
79252219092
79254250728
74991729615
79257904945
79663412263
79104969164
79104957893
79259031481
74991385987
79163468284
79161973500
79169634625
79104475856
79772506452
79778609539
74953921164
79269182511
79037311951
79167890362
74953510039
79067193651
74951392526
79057230897
79169734917
79856876678
79161336068
79857048551
79261358658
79055961713
79067469234
79096429919
74956518464
74992772590
74957370300
74953963227
74957978562
79060323976
79605653636
79262637213
79263467193
74959963094
74953168768
74953954966
79167401303
79268121409
79267861232
79263668484
79164909197
74953479590
74997484570
74872246738
74996731111
79166208653
79687254433
79684464442
79165151135
79858821550
79104071513
79165835678
79252022720
79269276999
79037144804
79255145882
79254679058
79772701150
79153007307
79096401667
79817186423
79163056668
79036217131
79165282657
79152562296
79265582186
79850038858
79104177563
74953192667
74956458240
74956688838
79057522092
79060320598
74953639380
79154129916
79031252164
79167321112
79151858894
74957156827
79104815393
79160077608
79169280288
79162778720
79660242964
74957193630
79654212646
79165126613
79055536464
79647650290
79854401982
79163086112
79265102918
79254169417
74991275526
79254517288
74956950279
79032085598
79166331638
79269499277
79099039802
79166217380
74957032303
79036230301
79663807474
79067286699
79777571702
79031296443
79166276917
79818905088
79162913399
79032880806
74957775742
79104815220
74956796452
74953400201
79261439942
79652123101
79031318500
74991592554
79104332361
79032855734
79151481323
79268792372
79166320986
79260314808
79771487701
74953770709
79857673984
79152283595
79153066911
79253741033
79263502332
79152524909
79261114044
74967432207
79165322851
79161387440
79299296688
79299074940
79150036662
74956544728
79057306644
79191059427
79151281509
79687488220
74953974479
74953444285
79060441917
74956393420
79162100666
79261716807
79060932905
79168886894
79175926248
79164833038
79261034610
79035027404
79104527268
79684042112
79852657006
74959134264
79153463236
79099525375
74953407714
79670156399
79067356383
79057742845
79057487626
79031078217
79067851585
79096488877
79269068165
79267515546
79651966652
74955466864
74953125352
74997970716
79858657855
74953257694
79255947575
79164091022
79265821696
79645981836
79629946791
79104313203
79165863018
79167979158
74958678272
79265270707
79251036766
74953950530
79295512619
74967751338
74959528478
74957452600
79055455937
79060559121
79150070381
74956887799
79057403652
79036127762
74959559415
79265982514
79162798853
79670905199
74953407957
79652337069
74997221328
74955488922
74967531522
79776517616
79032399997
79262955252
79269145430
79154735429
79778623190
79067661244
79035325569
79268149372
74991738115
79191090659
79038518417
74953413290
79652500616
79164779543
79152828355
74956637820
79851803615
79017838147
74994971960
74956175757
79268723636
79646289480
79067278886
79261184477
79167616349
74953408206
79161021200
74997227295
74957975969
79037382856
79258007396
79166715090
79151604355
79778640063
79036789973
79031714279
74956243957
79772896473
74953486298
79160564573
79168883330
79775571445
74957714088
79057617071
79999775680
74996176615
79267833708
79031521439
79680567008
79166825035
79100840399
79032734200
79165634045
79856468968
79056421024
74995008903
79261763369
79036118074
74957759775
79262075000
74956692400
79169770782
79160670509
79060741302
74993248649
79160788687
74999998000
79269016131
79037111335
79167777577
79160282608
79168363896
79265995710
79104024141
79175584201
74953427907
79258673588
79267298027
79166023580
79150068886
79262103310
79266081717
74953155238
74959545132
79035646684
79169261050
79163914302
74953443655
79261333359
79166886571
74997437640
79266110477
79057305871
79161923350
79269487509
79774870504
79057349156
79055403889
79037648062
79259383066
79164160951
74953982186
79250968308
79651299009
79672415096
79163407619
79057242881
79629226380
79161388988
74991373210
79255305009
79035374949
74992404278
79037800396
79099297857
79269299790
79031320201
79154909750
79999966663
79032580550
79266149838
79161553744
79031599993
79267032145
79030065810
79164907371
79857734917
79163166964
79031546026
79165883948
79104188707
79854246257
74953434079
79264069196
74957111390
74953405056
79262072282
74992624608
79162145163
74953429306
79260101767
74953958592
74993735739
79680824621
74952230001
79777561469
74957204834
74951090393
79163723683
79686580066
79262786128
74956624070
79165612614
74959122472
74956379440
79254277080
79151511387
74957165255
79779688414
79199941554
74953960491
79265651168
79292492515
74953976776
79096964976
79161236540
79160129051
79268578589
74967643297
74992557114
74956559804
79161102363
79165720403
79262568825
74952320140
74957812748
74956589131
79255890771
79645047736
74995570470
74999400222
79252867918
79299879286
79067036484
74958510395
79057916213
79169221318
74956184288
79637781439
74957271642
79151387370
79262577636
79067932865
79164972473
79168186008
79032771260
74956959878
74955486030
74956412236
74956209429
79688051959
74959842323
79150133702
79160796607
74953488051
79164223742
79168808025
79647741710
79161684497
74954388341
79629992556
79636777703
79169126813
79689455341
79653633616
79772904723
79629720238
79651014027
79263335550
74992322504
79645004080
74957059401
79175794984
79163442411
79680222240
79031074768
79852991068
74997221981
79150875996
79262660857
79776175192
79853350372
79266194286
79199910627
79166393600
74956474847
74991200558
79055106221
79057908616
74992343394
79855563366
79104065155
74953438605
74953409295
79265633673
79645728684
79168866777
79296229302
79267016473
79057381114
79151907420
79996791728
79267165159
79263705746
74953429152
79154223773
79160714044
79032664480
79636941896
79037991996
74997431979
79057779135
79645640732
79167544374
79269266611
79055872753
79031851560
79850601020
74996115796
79260218132
79035713586
74954200645
79168578043
79261993236
79264047181
74955429342
79055164449
79032211552
79152504879
79197705537
74956556286
79251544469
79775885098
79067630967
79772880988
79037612372
79779468545
79154951300
79037826975
79685724104
79168862771
79036735224
79259246175
79104026420
79091513476
79854590282
74957880007
74957923097
79296036527
74957071357
74955445554
79999705857
79037991361
79997970274
79037640852
74959746244
79852153111
74953296047
79998989543
79165136302
79152840300
79687440595
74953436510
74956493554
79165059831
79162222203
79654402710
79629318154
79255093190
79165225176
74957414270
74991641944
74959565555
79775790465
74997952322
79161422115
79995160940
74956592072
79637624578
79032781652
79256123287
74953914210
79166034708
74999470077
79259079296
79858791430
79296938082
79253199334
74957820606
74953802810
79104731898
79261892454
79154102368
74959262966
79055543815
79260612024
79164347927
79687956809
79035310604
74953591746
79265239081
74955149331
79169257434
79266414196
79067077768
79254492725
74912354644
79099219978
79104009922
79060636489
79067881960
79166055207
79629758982
79032509318
74953405005
74951555155
79266932020
79853187634
79859861056
79164396200
74953107777
79037717583
79255447240
74997462696
79265358615
74957755337
79266149422
74997244638
79036150901
79037710161
74953150057
74953418754
74989175552
79166305265
74956452266
79262726835
79104269124
79099539016
79686327754
74957219900
79154577731
74953418993
74996665310
79269894646
79037384660
79161282738
79260452980
79151232229
79032115513
74991790681
74992816440
79163189878
79057001009
79163051211
79266018663
79859777052
79166578322
79165574642
79776382790
79036135295
74992324315
79057334788
79067818780
79266155014
79250425400
79684350460
74997926389
79067039037
79773364711
79261073934
79773944552
79263430031
79261946283
74953036796
74957177375
79037780492
79264992601
79267086267
74991240250
79104749211
79161910481
79268634727
79057166220
79777138858
79772614642
79855839452
79854765378
79299692124
79035749275
79015091439
79775773680
79856450271
79261149202
79859216025
79037665678
79161218114
74953454588
79055811206
79031207673
79637262065
79160171117
79652399222
74992378781
79167806628
79252717370
79162023723
74997417489
79265347270
74996087807
79036863122
79299926840
74953505990
79168278997
74953961103
79067742677
79037570697
79037925038
79261597057
79850614646
74953448631
79099975159
79773961012
79167401523
79262105740
79265455035
79268464813
79152061886
79685517130
79031171516
79850986313
74955492360
79263666640
79263364666
79163218324
74953051039
79165207095
74953437421
79165553168
79152606488
79266896366
79037784451
74953407410
79269758366
79165606918
79009001964
79629360403
74953959470
79166874744
79300564160
79167776586
79160410223
79152993019
79851956602
74953592146
74953413340
79264789689
79266190925
79151094481
79057254264
79689469878
79153894940
79168556479
79686289417
78123601265
79263617517
79636390636
79269145517
79653405830
79267934379
79163670293
79055767887
79857281411
79104588918
79687548888
79859544895
74951081448
79160414982
79266663466
79169354459
79859227144
79689961096
79161634354
79055402884
79266622230
74953420489
79629127183
79169598786
79265753477
79151707973
74953427023
79169301034
79629140097
79264987450
79999883698
79036671535
79169464136
74953413971
79859979988
74967642635
79031479453
74953412347
74955445456
79263579711
79035766522
79661647770
79647616662
79166497809
79104782119
79162451297
79262408193
79152300569
79060454175
74992320782
79159941642
79267771248
79031167404
79256615172
79269558488
79670397009
79161404611
79055827621
74954946616
79164113030
79162703737
79099983238
74958658666
79267771218
79060687812
74956754414
79646358181
79099222109
74953971592
74953934122
74953425895
79035483630
74953814649
79263788424
79175711011
74994634883
79032835932
79261118825
79036210216
79167204223
79160599398
79266117898
74993579759
79167982179
79035711419
74992324387
79104010639
74953916203
79162782251
79057051717
74953581444
79169518386
79663632133
79032984084
74953981187
79256139404
79266521648
79032154871
79263386304
79036793117
74992320291
79295035272
74956782863
79629733843
79776032406
74997253604
79152434106
79067325165
79299403012
79166512981
79152970916
79856490218
79651027093
74953405418
79261896125
79202314556
79191007873
79252887241
79015652004
79167311909
79037806862
79057106893
79264199516
74953443653
79268806019
79262310538
74997256525
79165122498
79189999700
79686072403
79037213912
79037777765
79067747640
79037325445
74956704681
74955969147
79256322938
79262368598
74952344260
79160695600
79262008888
79256284885
79032713726
79255146336
79160075651
79252586031
74953454008
79067229984
79161685829
79154344990
79153492770
79680733073
79165044060
79031214490
79654440172
79169175163
74954373056
79629985131
79166743482
79166963316
79100045718
78005550030
74997254358
74956542241
79037456764
79163417838
79261222841
79265089944
74953408365
79039769525
79161316300
79639934290
79262927841
79060938999
74953889915
79037791236
79999692011
79168852802
79037994313
79055803770
79036217121
79998452592
79773399258
79035749576
79267666457
79169992587
79031446902
79258492368
79263821687
79267041205
79670159524
79035353990
74991629005
74953940450
79096346160
79269180873
74953421559
79262325635
79165615797
74992320064
74953219538
79265873212
74959260484
79175521021
79175135079
79265506105
74953418232
74953413891
79165025119
79104243914
74957716001
79261051828
74996191817
74951375752
74955308395
79032781351
79670833105
79269220052
74953950388
79253462786
79096854827
74952807830
79260151000
74956648933
74955807002
79165078244
79067379007
79261062350
79262847833
79999791803
79853198409
74953267785
79264153507
79651261647
74995048200
79777151304
74991767430
79260257715
79057758015
79167112813
79998987375
79266957705
79856214311
79268392963
79262678712
79162739824
79685417579
79689448266
79161191884
74991261105
79166847247
79257115026
74956629575
79161836256
79652938800
79267773149
79160074974
79257117531
79163130400
74952800082
74953947092
74953905218
74955321304
79853617055
79050557783
79167747937
79685622512
79162436988
79264962373
79105233017
74950250095
79652104390
79038745604
79169802223
79264990766
74957481170
79856986442
79686621234
79151960972
79037086807
79032561736
79032174404
74951344739
79265948800
79161571568
79096519663
79152624371
79854106532
74993460880
79153903890
79261793138
79175403203
79036104492
74952219946
79031353785
79859992061
79163605486
79629635200
74997024436
79684768606
79031727977
79166544163
79191030203
79166111012
79104056263
79037902388
79067027001
79854358017
79854569332
79015311105
74953065063
79199904229
79641192695
79295076477
79778096702
79166840007
74997940839
74957941747
79267322280
74957131544
74953441743
79057406745
79773297096
79031680079
79250037833
79265607626
74959814571
79264642771
79163954752
79254920112
79295535343
79091584295
79164199418
79191397213
79060752313
79167091700
79162537169
79269528062
79852609949
79031233226
74957128147
79652607684
79055500856
79032018630
79154143835
79266092333
79687812043
79265775059
79260494954
79165859144
74956379717
79680815014
74991740641
79652403935
79175392367
79264145747
79031999288
79859565642
79169592271
79165308542
79164672102
74959957857
74997231590
74956624612
74992325721
74956458324
79169092977
79256359067
79629733186
79263303219
79623693169
74997025295
79017490283
74957378866
79251739348
74953429898
74994010763
74967547552
74952792517
79162812138
79037345838
79057666111
79175006731
74953915480
74955648823
74991269493
79160157545
79032569607
79067722488
79082890382
79057403024
74953756222
74957064268
79165599350
79671825051
74953833073
79166545087
79057579191
79199901488
79169114317
79258809835
79036284604
74951510646
79032850183
79057346969
79164825655
74992321548
79035838630
74953407837
79250441832
79055843530
79661708200
79161460842
79152868398
79166363296
79851631280
79099286565
79255490618
74997098760
74953456855
74952761073
74957800649
79035344949
79647606027
79153518434
79265566977
79670471805
74991574070
79030009702
79168574027
74966479300
79684761515
79637846700
79031995421
79166463388
79689082198
74957879291
79260782334
79163731734
79773737605
74953471819
74953514250
74992703612
79267669182
74953515521
79252260082
79688262615
79651471080
79295908607
79639965929
79151259824
79588193765
79153559950
79693472737
74956871797
79859829689
79688963693
79854419121
79262452422
79672967733
79169578210
79255614340
79164238338
74953922983
79775194599
79161537046
79017964045
79161318033
79262092400
79161285469
79165207574
79099422916
79104517961
79258427462
79266655582
74956546620
74953456608
79858756572
79031649964
79257561811
79774254082
79265697941
79261633853
79169020006
79057325346
79165595754
74954521106
74953904492
79268843751
79636397964
74995190477
79263651851
79647719111
79166666209
79163549374
74953195676
74953228679
74956592081
79851479573
79096658046
74952326465
74953444907
79033630525
79259347708
74951390909
74953960354
79168586690
74956325156
79036114724
79169568985
74952234667
79263153819
79263728133
79151626608
74957375333
79253188770
74954356221
79296069492
74953965157
79037968979
74967695757
79252045230
79651926977
79629211005
74953712355
79165360032
79854784734
79161680348
79852571182
79264082778
79167888259
79153700557
79670639444
79164021377
74953635035
79262641900
74957149639
74952870333
74997257229
79853518036
79066261271
79773513949
79154764085
74997226191
79772691467
79165846922
79175773932
79099150634
74953406072
79645101034
79161762823
74995178866
74953512148
79263007808
74957502563
79296465840
74956158966
78122442802
79652955310
79265553201
74959542292
79251267672
79166485217
79104518327
79035197894
74991770857
79035302403
79154333303
79857622298
74956275545
79999725216
79162625749
79852912921
79671531085
79104327968
79150176344
79164640091
79163828168
74954824753
79099260990
79296651922
79031521711
79857675470
79153572708
74957978700
79162185423
79263582828
79031496769
79654046666
79263524094
79254433167
79168138624
74957146943
79268137206
79775057593
79850063937
79151553591
79037283325
79265494844
79689797137
79032961208
79161680349
79055643364
79778617407
79250051572
74996665432
79671221369
79266755650
79263641531
79253537299
79689269729
79030015831
74956556908
79057298373
79851460639
79208933963
79067256395
74957919369
79032143585
79165469722
79262770769
74992324971
79166258022
79269872498
79162755970
79266665027
79651222802
79162147098
79169570355
79037227821
79259375693
79660800054
74953302532
79266478514
79629238372
79165777891
79099180438
79163817260
79262380162
79636151257
79653820555
79154248292
74956405626
79169410317
79265115330
79251159546
79037431123
79035208007
74997052033
74953955320
79524429820
79854227441
79163759879
79859652707
79167811671
79060319720
79254947665
79852555100
79162717238
79266897074
79055054204
79260415231
79161386024
79262482328
79685419533
79257238933
79035028852
79670814734
74953635032
79258884308
79055245675
79262332855
79031660011
79773373753
79151558524
79060751553
79162671565
74953419503
79166375233
79104596232
79299189538
79104829987
79295045949
79859225501
79672593439
79032925225
79859814090
74959327625
79263001510
79637806174
74951505462
79164983101
79671332828
79670240212
79857768486
79250226342
74992324614
79266996949
79637170052
79032220980
79160545646
79263027999
79637579588
74953664872
74956558347
79277450038
79296299731
74957130663
74997257376
79036969128
79031383051
74959749644
74992548274
74959125136
74995505933
79035448686
74953405110
79036737113
74953968186
74957452535
79857733037
79166921065
79154522205
74957178476
79778076718
79268356240
79263722733
74953869691
79057464566
79854638678
79267562296
79057218190
74991736217
79037367896
79251934393
79663093055
74994329780
79998008077
79999004122
79163076572
74991209806
79852656335
79636974394
79251930605
79165112122
79035083704
79168825933
79859558231
79774864230
79772557397
79857371018
79262291746
79262820867
79165701798
79161223333
79653839121
79169618149
79250432996
79254637364
79859395586
79670671681
79266327123
74953492083
79261740205
79295582939
79162426639
79031145565
79663411728
79099279999
79854843020
79104772831
74953803565
74992721284
79265602036
79687336582
79851986609
79688555955
74952815269
79268217713
79150168282
79166830012
74997474326
79261098006
79263818977
74997024287
79854148761
79269061311
79037448444
79164593980
79162918587
79264900466
79260127141
74994452739
79031111434
79166063816
74959587231
79154444545
79651956556
79776847657
74952322752
79037924200
74959372385
79853150317
79096645291
79150886325
74997533040
74997464813
79104067184
79254700206
79166441042
74956677824
74958187425
74953413739
79636510970
79151345507
79032611028
79254077743
79253848762
74953964183
79264106736
79037610409
79269126583
74953437435
79167470556
79037814051
74953419352
79653795672
79164914329
79774283053
74954278628
74957879980
79031800734
79035141981
79169182407
79254449088
79165806868
79652590005
79067566983
79035534489
74954814955
79265779035
79265756887
79685873818
74996157197
79166154161
74954408249
79032497615
79253762863
79164335556
79857992266
79055737412
79265163684
79689410146
74997485167
74992323107
79017713252
79169061163
79166440467
79154182833
79262652075
79639683990
74957265850
79670606808
74992731791
79060410916
79778994066
74954220459
79035082432
79197658300
74953426776
79260301770
79096555453
74953417672
79859886701
79268137854
79687095886
74953971109
79850951414
79037106052
79636372067
79032038811
79261388706
79055690664
79067360030
79265714637
79030036924
79031186451
79263922445
79261714720
79092711165
74991279120
74953464139
74957019413
79264762001
79031049677
79030076000
79850556705
79264009523
74992322215
79653243197
74996199964
79165945146
79265403793
79104669936
79099811990
79165945200
79151234488
79031087122
79629032226
79032882487
74955499165
74999785618
79167799854
74953498794
79262299322
79099089098
79039642755
74956800033
79266749966
79267107744
79165922668
79774599039
79651764949
79167487375
79258015116
79687087577
79671427141
79268783505
74953969506
79670834552
79166150858
79687140161
79629431499
79660171488
79015352365
79104310177
79067177477
79151367046
79091528455
79037579493
74953474886
79265876060
74957138350
79167166756
79775218972
79164273636
74997861490
79104272628
79269613986
79250455954
79096558545
79160362034
79160280897
79165222030
79670327464
79266287431
79775542616
79258412169
74956774410
74955411321
79163566930
79265414178
74956782429
79299855299
79169145385
79258692255
79037996527
74993173883
79166062080
79266471710
79167013151
79055546471
74951628169
79857755062
74952552658
74953962777
79153600683
79151901859
74955000135
79055431576
79258524969
79037960673
79161202772
79150125826
79295251944
79856848577
79160075700
79175888325
79169968825
74997222659
79161155760
79296679858
79168130015
79251550993
79997153929
79857736296
79035247872
74957155341
79261047717
79060662201
74953955132
79264040050
79104663940
79162451440
79999173031
79264988248
79261415100
79588050068
79031674435
79688112803
79152778849
74953907461
79854315396
79265505424
79856480984
79037966824
74953879254
79153726830
79151650325
79037398260
74992320738
74953830436
79252078369
79167692770
79252745605
79524478820
79161159268
79852765952
79646354951
79778696163
74992344175
79999950010
79991138944
79264506849
74955017782
74953901233
79104347987
79261294310
79269106335
74953803040
79646278406
79263273733
79163610048
79032939533
79161376296
79851448994
79256061136
79850056442
79261669642
79256022392
79164914761
74953428291
79032251511
79164934790
79856120433
74996624754
74953413375
79609106960
79161005559
74953422203
79660317993
79161719527
79258596331
74959164949
79296048929
79777860488
74953413798
79263756906
79777738959
79037951038
79168007475
79091562217
79164808324
79267070261
79258497430
79262737104
79265294606
79266636469
79104057521
79262634484
74953492122
79152260616
79169612510
74953901006
74992322893
74953593460
79067855106
79853075055
79854556116
79163804152
79775825734
79161081957
79166954767
79636802094
79037220079
79265163694
74993730371
74956232896
79167753579
79164992388
79168526668
79650955498
79250334908
79104037760
79067661719
79639232413
79057627621
79161973889
79857845852
79261119277
74953981643
79057899366
79162634234
79672136522
79055057779
79164664371
74953486397
79152954199
79653752359
79099411713
79255618313
79851579914
79167271199
79162668771
79160810781
79258333348
79266765027
74992612068
74997234198
79253900420
79258307331
79688211515
79152471414
79663705785
74957188888
79651464333
79266652513
79263880307
79263761234
79175557778
79268552123
79262352846
79636090039
79055363133
79037570057
79264563371
79265571232
74958670515
79257486160
74959351211
79250062370
79036251209
79057999029
79168824284
74953402026
79167258935
79100009192
74992321990
79166933692
79165512225
79055175787
79851472747
79250990739
79636812148
74991787117
74996145881
79255600911
79167247058
79637105567
79161104263
74953412304
79154962141
79645200135
79637828095
79856460232
74953423452
74954223504
74959336180
79037903207
79254604829
79158955456
74952551816
79689062203
79265603479
79252145880
74957348370
74957834600
79096821707
79265363735
79165906253
79852696222
74991256813
74953378717
74953427912
79031093289
79031389962
79166958935
79161458023
79057976769
79104808008
79057934083
79033635721
79037487989
79250295928
74956680640
79299058018
74991372764
79255094426
79258049624
74952214158
74957093420
79258623107
79104463077
79165202066
79852572056
79263642386
79637115347
79154569550
79260450854
79036154886
79151249230
79851357285
79152422242
79035740000
79162076044
74953408608
79104344474
74993577850
79163056509
74956647344
79169247817
79166401009
74992030229
74953960790
79032132716
74956786915
79163327699
79037273612
79175103650
79857826581
79253007287
79256818424
79647685435
79653074895
74959504203
74954118592
79017993052
79653204778
79165415509
79853640745
79853865361
74985473366
74952590610
79167955678
79154169220
74956794358
74952324264
74955807024
79265682309
79163939468
79636930315
79036250303
79163762217
79262749714
74957132969
74956053525
74953418705
79623655017
79262323434
79151762915
79150961408
79166526495
79999639264
79686388877
79057148077
79169876710
79099392536
79261877265
79033145839
79651337749
79265784367
79629639550
79096323069
79263772188
79067063353
79652187473
79033073131
79099738403
79268360064
79268385275
79017710531
79645948430
79269493940
79261947701
79269124834
74953422688
79168795234
79169606864
79266481230
79060461975
79256968690
74952320023
79104912761
79164468981
79036881272
79295559493
74959818484
79253027360
74959330044
79175936953
74997246940
79036601760
74959573253
79037500802
74957193838
79096644444
79266673234
74959179272
74959337570
79268647881
79057927473
79259039896
79772577600
74997552220
79267778922
79691231331
74995765545
74953506583
79851851595
74957519322
74992183148
79261125545
79689797202
79161517763
79264200285
79255146601
79035985170
79284495291
79684891819
79250280220
74997431907
79661238608
79651024980
74957128943
79653696199
74957182110
79164564466
79160731061
74953411595
79017745024
74959889848
79161157814
79067482937
74952231027
79672852021
79262208573
74953448601
74999590067
79261503405
74953512808
79168144501
79067219128
79015204015
74956603241
79851514078
79299926706
79268491061
79683855878
79151879847
79036198762
74852695317
79060440241
79104355878
79100197755
79167151916
79165751645
79031990330
79055284387
74953583584
79651054848
74953162027
74952876100
79099240714
79037777379
79175589928
79096831699
79175751658
79653565406
79778597521
74997371996
79015194831
74951505558
79268531333
74953405835
74991756974
79164857227
79165354367
79175950404
74997925742
74992322994
79253553211
74967631543
74997461635
74992386155
79853382872
79660080274
79295555111
79167039835
79175133390
79202611126
79252931500
79161810344
79036631659
79166445408
74999063539
79852456975
79168880433
79031382167
79032450829
79637707115
79686264180
79031588740
79165774883
79152132822
79122045417
79671159889
79261980519
74959151046
79160405007
79032662063
79267074699
79037602476
74951525113
79672064621
79778665072
79255180818
79265445697
74957272808
79160146130
74997552323
79139888340
79169318641
79163720971
79167944621
79168896143
74953483861
74959212800
74991108110
79169312960
79771846537
74956706002
79775204940
79654174250
79160703215
74992323516
79262487441
79771376635
79164606927
79998354971
79647633985
79032443249
74953486650
79039791515
79670708884
79165411856
79164909131
79259855366
79168865049
79165816422
79251133787
79153005744
79854298450
74953979578
79267380385
74992583964
74992621918
79104511121
79268240001
79687750668
79536238017
79161403141
74953416979
79031029590
79169761552
79261030747
74957544140
79772677814
74952256800
79266545434
79268477537
74953484717
74959452753
74955501799
74959805239
79150236964
79032815695
79176124998
79152542487
74997070782
79166087890
79168386123
79261638873
79852051619
79252260911
79152632059
79261449881
74999408423
79017476533
79104562454
79104779013
79268762705
79164797263
79037713587
79163311626
79161442377
79067087971
79096271791
74991483789
79161077317
79055734913
79056937925
74955010719
79283855252
79067357475
74953950010
74953286526
79852687482
79166031358
79261810529
74957031269
79159652772
79031887417
79262687560
79032980238
79257818874
79166204165
74994922317
79167704658
79167240392
79858480214
79161544440
79651241517
74959548058
79267341259
79060566338
79161307807
79160692771
79099770069
79260319026
74996122262
79776161608
79161915257
74953595832
79199661171
79261899608
79261524306
79295507884
79099155001
79774904600
74959445937
79035579000
79175592474
79168735785
74953412722
79259309004
74957774147
79057156612
79636552663
79163691060
79684589482
79153236096
74952324840
79164033878
79856446100
74953426637
74953416324
74997024403
79167779901
79162118588
74995000005
74996089270
79104056476
79031015081
74953740285
79150974707
74956624016
74991785364
79035422936
79629545767
79031209084
79030094567
74992323885
74952217363
74952680587
74997530307
79637591338
79032036429
79160642033
74956541318
79265599673
79165362967
79262744219
79096991020
79262264903
79253760836
79161081836
79264605316
74992325278
79268416116
79099328562
79152973994
79254796544
79091684411
79152120209
74953420573
79055798956
79164174466
79663870387
79057426037
79199922166
74959332708
79853451035
74953483107
79250075051
74992320546
74986578285
79032943969
79154168889
79167988381
79096435515
79637851285
79037256308
79262115342
79164183663
79169695433
79167979622
79055204035
79261416154
79060908468
79684518813
79778844123
79636936653
79151754700
79998203032
79852110013
74959374790
79629685530
74953381507
79855280055
79152286719
79167431751
79779499171
79163825316
74957167872
79199954095
79637654250
79160349308
79852480105
74957099193
79164389900
74959164580
79032074504
74991731461
79163902615
74954218403
74953463718
74953580751
74957799623
79264967648
78124016671
79262814646
74957219121
79778302079
79262280101
79035370359
79997728936
74953428807
79151964651
74953588027
79165361149
79261771721
74957753955
79032958730
79067137991
79036692738
74953288747
79035676506
74956131554
79647289998
79262083770
74957812085
79265553916
79851744162
79031805578
79670523850
79859234412
79168749862
74986842117
74953150547
74992323140
79773284409
79299292400
79304001188
79636232513
74991295945
79165086338
79263897000
74957123711
79163104425
74953614629
74959950564
79031860355
79060624127
74955500207
74953930404
74953968646
79851117097
74953960524
79150508939
79266871366
74956375018
79104766805
79268767281
79671413644
79859958675
79258335991
79629620817
79671270909
74953405302
79645267000
74957062616
74957374737
79067979412
74953938466
74992308542
79299157477
79162815386
79154286634
79774624118
79036139597
79263301194
79857708968
79165476473
79166429826
79857737467
74953557063
79637186993
79268258766
79647777830
79778854850
79057458415
79268494666
79057251716
79998473721
79175942242
79168312864
79104049434
74959892358
79175819180
79164326640
79687273664
79164169987
74957237777
74959632669
79308550855
79163938288
79258627858
79262394929
79039612426
79267299142
74957851400
74953400815
79268442136
79104779830
79853398008
79199928099
79169211607
74959301391
79057480387
79164056223
79653878391
79035112849
79855153365
79637208484
74956540339
79258595030
74991268935
79251192595
74993738320
79998250507
79265262208
79055248556
79035394316
79168836683
79036883245
79168182898
79663282537
74953426292
79654325604
79167080080
79263822347
79998228698
79129417996
74991223571
79857702094
74953406422
74997447384
74992323743
79168366305
79295735587
79267507362
79055545333
74992352926
79296685200
79036286390
79057434965
79162015107
79032005080
79151495250
79169191169
79772674886
79037994392
79269050520
79162136637
79258929767
74997228330
79036152739
79683855846
79165982148
79057751449
79031003714
79164591880
79030160547
74996829082
79104388786
79773438474
79153324981
79267171861
74953992195
79166023564
79269115733
79262907980
79296362740
79859992925
79096392520
79165686521
74953495251
74954412748
79777132003
79037155793
79258273838
74953530704
79035215700
74953404641
79037992585
79055919127
79647755767
79165718791
79637804918
79687037818
74953957083
74954223361
74953908287
79269098767
79252810501
79164263253
74953330027
79265203504
79853433686
79057176888
79039736705
79153040947
79258226954
79262802912
79031087998
74953424926
79776193022
79166640990
79262125999
79036323225
79771510272
74957273063
79266042668
79161370960
79629815333
79268394647
79165069680
79161351805
79653232437
79857748953
79268424102
79060961349
79265811772
79654396001
79636847306
74955583905
74967637012
79067327945
79057082292
79262139695
79857672883
79166431989
79269256630
79031433969
79996772905
79267300883
79671903927
79165317965
79637186990
79152408278
79162014776
79057687019
74955468877
79262824869
79651837713
74953403734
79261930487
74953963192
79032385472
79250365522
79645004235
79852307941
79036679994
79219436948
79060675613
79257145051
74953541861
79169969883
79267238193
79104137768
74959928318
79031153633
79672222062
74957116724
79017699707
79680844972
79057152424
79031984348
74953975908
79104683613
79150219860
79645822989
74956592926
79031634137
79257611913
74953925025
74953704723
79260012517
74957133449
74957169627
79167056907
79683766777
79160179974
79265492325
79251597353
79852023395
79853008530
79166437810
79999728422
74953217643
74991775696
74953996306
79168079292
79166240617
79296820859
79263879725
79998336862
79260830055
79661801844
79152253202
79265937112
79067000344
79162775322
74953976784
79688983104
74953951471
79264113322
79161581345
79164294212
79859221554
79296150923
79162844616
79175430098
74993233912
79036249022
79262290952
79161606786
79253416818
79104717800
79039616336
79686868777
74953459900
79161520932
79161282262
79265396248
79035054806
79857710510
74953447977
79037316114
79207586314
79684313011
79175884540
79859816098
74958672247
79684041943
79152483603
79031192829
79300577777
79167977499
79031856865
79776173303
74954942481
79262291762
79684002746
79261774800
79031055722
79296552994
74953101020
79264817123
79163599812
74953419505
79104515425
79255788871
79104406413
79680841913
79129567427
79663616555
79163635415
79057143331
79164284049
79175577304
79168101726
74995013203
79163387083
79167209234
79266459579
79684260712
79167890220
79263324797
79689611492
79166418689
79268480288
79104250454
79263729916
79262762379
79166837638
79686707609
74953770061
74957163492
74997427175
74957167890
79169063995
79099214314
74959648983
74953402240
79262665586
79161381164
79262750695
79671699667
79169868178
74957483033
79610060035
79771475580
79773300559
79153794096
79261307987
74956319009
79778614494
74996810387
74956065834
79166680791
79854306560
79168218857
74954229183
79857729302
79257711722
79262845355
79269357639
74956264888
74953964764
79037158460
74957509517
74956252406
79859935141
79253679629
79165970162
79152084221
79032489181
79162186272
79774406162
79262160747
79774905174
74953803541
79199655311
79672571585
79258390201
79091666688
79773277468
79035438645
79166524477
79629074617
74991248370
79259246040
74956919047
74955141061
79153380938
74999041621
74956846611
79296540183
79057969073
74954418182
79161470403
74952595201
74957141809
74952807271
79035701735
79251520611
74957115155
79057631003
79165010870
79165821659
79689511929
79263778796
74953873860
79161096090
79164685634
74953554968
74957187571
79253655530
79153358693
74955141051
79162632498
79167514728
74986461668
79773311249
79104518921
74956941000
79175023105
74958673568
79265280135
79163645601
79265102842
79165347910
79262747236
74996438585
79104757535
79017753342
79096865566
74956697999
79104762500
79260212547
79037982413
79254807784
79030149642
79163294765
79258091285
79267347746
79264417188
79104730053
79267666644
79268354525
79637789887
79807015017
74992344250
74953420925
79852375661
79265617964
79197662822
74955494492
79262187485
79067306484
79164060620
79251338078
79055890332
79261192040
79778031557
79168466402
79299845756
79670979666
79104382793
74953510127
79096660004
74953928663
74997406426
79057039804
79166099380
79161063940
79629990388
79639996634
79671835324
79165143570
79671272247
79166264602
79168101013
79035882019
79773293069
79250953335
79175764330
74953429618
79651202627
79859391391
79990199901
79067517575
79105195433
79163264802
79162463847
79162988135
79055160538
79175439895
79168076461
79251928861
79166190103
79150770758
79262873654
79258866924
74957414617
74999295599
79250729006
79263807657
79851747590
79262537807
79262665467
79151907983
79039605480
79031115098
79168727632
74997848758
74956656845
74992343784
79250754818
79999735880
74956673644
79197840849
79853560076
74956901268
79268931032
79269515648
79160232023
79778649434
79099234147
79207750694
79165116169
79166736289
79774152485
79104800881
74997427173
79687340062
79262077670
74957271988
74956808256
74991480685
79154844544
79265255742
79162061872
79999006663
74992465038
79263009232
74999170260
79165401446
79267057450
79199651117
79652346406
79165030312
79057075776
79257359661
79192687047
79677110086
79262327160
79637273095
79262375473
79101617909
79651228380
79160675020
79060355651
79771459550
74957832306
74996851975
79031916251
74953912219
79031478136
79263046807
79261085090
79032675091
74955481389
74996665307
79637820840
74956489270
79262380039
74952586827
79067996996
79264844242
79031893001
74957556598
79031096505
74953145060
79152072848
74959189987
74956869209
79687932930
79197779784
79672787658
79163175229
74953194068
79167223513
79651190510
79251770586
74953411320
79646301517
79168610121
74957130179
79854275822
74953394880
79689486073
79262528770
79104782746
79104893933
79859783562
74992321314
79057020973
79169119635
79990033794
74959354665
79032679948
79859951888
74953120736
79255007230
79998000101
79851844646
79672663699
74993561539
79031813011
79778005951
79854108243
79778005952
79262210632
79051839030
79163668979
74952151819
79258282344
79037982293
74953121839
79773672486
79104109139
79150999671
79057514410
74959813432
79163903650
79039663753
79637612449
78007551110
79261265040
74953933617
74959661096
79031430661
79160903219
79269313804
79854017454
79057113437
74956072386
79857766755
79262715776
79169944051
74956909999
79605145968
79999055743
79266254110
79255675312
74992320127
79032586605
79151393935
79031317401
79150546888
74995177624
79060846018
79636323085
79163291842
79096429236
74956462626
79066874848
74992350680
79266156065
79168673296
79670768890
79037333019
79104956314
74953064511
79165495805
74956634690
74996167947
74997590075
79166961803
79646383121
74957489000
79267004377
79264995701
74953720712
79269151215
79167364672
74954986422
79166709951
79167111473
79258724610
79104461000
74957799181
79163215004
79154823109
79104762063
79683875040
79850283213
79851298312
79163367926
79055152381
79255332492
74953521587
79672311221
74953414517
79036183256
79037784543
79057922881
79670130555
79154088835
79168462088
79162262042
79778836900
79067484448
79654140380
74953410308
74953444329
79261636104
79036291008
79262470766
74953952268
74953477672
79035475210
74953972234
79850222557
79031620326
79264651833
79031684448
79253111890
74956527965
79257662922
79647643674
79163914389
79164544445
79859368610
79031614112
79037905822
79161689147
79162144041
79258844298
79164924797
79166260884
79162432032
79671752632
79166763839
74955492862
79636356748
79104048900
79160726747
79038891384
79164945566
79163516743
79154810958
79262354950
79263659128
74957851061
79850128919
74957163672
79161411166
79268211397
79096300915
79166352767
74956582208
79102802931
74956850168
79652465961
79060420388
79776541502
74956918724
74992321185
79031791721
79686628171
79151538531
79653282789
79162739920
74956440011
74997228285
79252004830
74959375347
74993247578
74953213183
74957880200
74957896202
74992320198
74955254505
79161277964
74954235897
74953405095
79099597079
79995167015
79269019298
74955056193
74952322444
74742353764
79175847570
79261489110
74956277919
79856415098
79296275698
79165687772
74997851239
79637104498
79260182084
79169582942
79166531876
79055049438
79032387308
74956477951
74991480565
79251149416
79161177107
79117469932
79036758150
79265900629
74953453928
79057794117
79162077087
79261614181
79175464497
79263338175
79055037242
74957306317
79252646489
79175318035
74956741447
74992520075
74997501746
79263798936
79104838560
79168773781
79104832501
74953424497
79853576949
74952285555
74953693338
74956681177
79259167339
74957258040
74992323718
79645555158
79031211403
79256415421
74952122063
79299799778
74954284086
79166071473
79771932506
74957253982
79017483792
79262234598
79153113839
74953874418
79104195308
74994763969
79165770465
79037760013
79261505059
79253808470
74958515394
74997938114
79253187763
79032482687
79859561285
79653682301
79167594125
79778917714
79255890976
79774072517
79998007276
74956605560
79999182497
79851194367
74951337591
79161928017
74955353249
74959880010
79265811118
79684688806
74956953347
79160019660
79773020925
79777492975
79167702391
79099295917
79261444641
79031816292
79162430053
79651500578
79265642299
79037425239
79032264848
79688510480
79262540337
79260768740
74952520801
79265868777
79096799702
74959807329
74957750202
79163268354
79199917222
79255051280
74956722846
79250023222
79999230300
79851146967
79266110389
79854484080
79997983156
79055308034
79150917087
79263774969
79856006785
79161645125
79689170333
79099104292
74991207153
79175279285
79688167443
79269123908
79151253424
79629051954
79252911210
79852662013
79104720205
79175539246
74957050288
79037728111
79161383939
79165725908
79154922466
79777340523
79099018536
79260761299
74956621300
79161686390
79161453910
74959410282
79859620207
74997440101
79265332356
74956410075
79067865653
79163375061
79670954198
79032858799
79269213961
79161286631
79055123451
79295936853
79262030331
79150129000
79037121062
79266111183
79067482119
79264000888
79269309296
79152022099
79778239109
79998484412
79152909841
79036848998
79031860207
79859084092
79857671632
74999057595
79295577925
79167427236
79057201521
79032791317
79262716953
79031417105
79687434434
74953215206
79253656015
79165055118
79264174855
79035248687
79689094523
74955574943
74953498496
79104435263
79257019091
79153886861
74992340465
79165633572
79264794393
79165624858
74993561454
79646482959
79296028442
79269572949
74954265811
79258670671
79672263322
79067849468
79777346393
79853398655
79252432353
79263904924
79165160039
79164197497
74953421043
79859200882
79267217397
79653676986
74994264500
74953427184
79629468899
79261453925
79202758316
79067937549
79653575745
79261002018
79164342464
79039685075
79060877635
79099199997
74992320620
79295596080
79265949954
79151636882
79060615506
74992353276
79057304805
74953962245
79991696070
79629263750
79258835924
79164991729
74953452124
79169281999
79686511864
79672237082
79160022605
74953376396
79260627854
74953862897
79168361992
74967694796
79067734644
74997827217
79031158639
79778334965
79153421318
79856400737
79166580436
79056073514
79151551458
74953702493
74992323646
79161239147
79057244252
79261400209
79262134272
74992325526
79153307358
79035455616
79265301976
79262327311
79779480499
74992340665
79265378081
79262462671
74957799608
79269030893
79168072765
79636339236
79671074999
79859827817
79265289859
79777315529
79104685275
79265284003
79057526757
79091581486
79162345296
79055450895
74993568528
79268198207
79258593168
79262710373
79152830912
79264773007
79036753089
79265721162
79037830881
79166950429
79852930531
74959486399
79166548084
79099991320
79261392281
79262042938
74997943215
79255211577
79264493766
79037122319
79037347007
79857769787
79261976799
79037324159
79646388043
79197656295
79857277381
79653636776
79167304736
79152883187
79168093854
79264247299
79266567770
79166406300
79160289216
74991724437
