79771750511
79257777108
79679870707
79168321119
79771245040
79259373747
79671401111
79037551215
79856876678
74953633660
79160944854
79053438778
79266888373
79162622282
79824130138
79015190951
79163130400
79161402245
79254508166
74953463326
79067375545
79255174508
74993725161
79167927967
79851752048
74997820519
79057725131
79055487738
79686814227
79646232642
79267041205
74953264154
74997440468
79265114166
79636936653
79999639264
79251860183
74997677524
79096418680
79661651070
74956028043
79687164455
79852883663
79165951725
79161182961
74957777519
79151012070
79262660083
74953961386
79265255742
79687222221
79265532892
74953512148
79104527268
79652590005
79670329464
79037369209
74996109696
74953913841
74953407837
79857835094
79037339108
74956605164
79255107618
79851146967
74953968319
79017964561
79168125781
74955414493
74991207153
74992448507
79265386795
79035974559
79163534848
79036605577
79266957705
79168009925
79859223337
79776175192
79035640011
74997241349
79265556777
79031383051
79197680704
79250914320
79152694492
74956626415
74953420197
79856248024
79652174741
79166744029
79096785573
79161893638
79778623190
79067771141
79037585369
79096514448
74955807002
74957020789
74958007787
79168032070
74959800365
79859995324
79251259733
79651692228
79032280455
79258692255
79166853698
79167048184
79858173866
79161474614
79687925570
74953419321
74995000005
79165922612
74959371618
79096234154
74956152341
79670943435
79152356763
74991358411
79031262650
79175833206
79255072824
74953455598
79175427472
79067921613
79857771126
74953477858
79032781351
74991750564
79055924103
79685610100
74953912357
79168095288
79251431247
79670467689
74953983042
79949995050
79163825414
74954519984
74959840056
79162488567
79037086807
79035813804
79652641328
74953196850
79261716807
79296661688
79252010125
79168500311
74957975600
79255315236
79166047611
79152483603
79031603841
79165297510
79269102133
79778273808
79851999274
74953403931
79166463715
74956237349
79037292002
79858468110
79262105740
79260204261
79379152777
79301640064
79104163808
79256300149
79037978841
79263188888
79161741708
79282085651
74953429777
79854597612
79282517579
74991223571
79268751819
74953456855
79261169621
74953407714
79267337239
79151307316
79774871422
74953512808
79060391460
79851787678
79253918020
74967694796
79161813962
74953405602
79252290336
79629731416
79166886571
79772841965
79258670671
79255614340
79258673588
79160677718
79162564618
79167069568
74953299573
79250073154
74953924672
79032115513
74956558806
79854451180
79162960824
79154464007
74991274705
79165571608
79265655633
79037306808
74997201691
79104604617
79266161085
74954223524
79165156888
74987675150
74952298150
74959588838
79265943235
79261468083
79104567403
79154592307
79969703968
74953421801
79852307941
79255427562
79055939309
79163674607
79057440907
79160011505
74953863777
74992130118
79257726067
79261564289
79859223934
79175150875
79162406757
79163914302
79030135805
79165673998
74992375163
79153380938
79851515952
79261603518
79296229302
79104563718
74956508700
74956456889
74959817094
79031674435
74991417167
74959111751
79251810208
79265982514
74956796844
79151234353
74955514109
79152709926
79998008086
74956859321
74953427273
79654237378
79259221076
74953959125
79163105858
79671135117
79268987130
79610747141
79030037793
74953934509
74953554380
74959153183
74956461945
79854009026
79150373030
74992647809
79175845947
79166063520
79197742060
79161509327
74997097146
74953885167
79096639328
74956041055
79260439611
79057037150
79165342864
79859045962
79688236480
79099127898
79671493640
74996184845
74991436343
79032175686
74957319937
79154158641
74957169855
79265449565
79854112867
74957184352
79152245805
79773399585
79035602599
74953408203
79169327008
79160885662
79777571702
79161783750
79165295309
79999705857
79153639493
74992639284
79161504597
74953479264
79153000164
79166819555
79057517990
74956755262
79153307358
74952760681
74959870101
74959611304
79998440280
79031153633
79778994066
79166776094
79858791430
79057985200
74953214307
74957450958
79262104021
79652500616
79685116346
74999753123
79035305759
79686203791
74953979375
79267224003
79257941315
79030003246
79852339323
79255184637
79857683672
79167218027
74992490616
79037242993
74953919901
79037200467
74956591648
74953914759
74957708081
79267562296
79269183763
79031926584
74955110181
79091584295
79671017502
79031367393
79777530623
79779688414
79031634137
79857745704
79661759925
79035048915
79165867905
79168535434
79067565269
79855069262
79163215676
79647920282
79672212402
79295240316
79263546415
79257644271
74997474819
79850969709
79262846497
79162515049
79164252882
79645701001
79150040403
74953437988
79262778480
79104561690
74992344074
79651732521
79250933008
79639996634
79152218997
79175738441
79032605407
74956637820
79031063334
79150886325
79639212183
79250631071
79163405620
79629351732
79169370987
74997025295
79299287454
79015782565
74992403500
79778788744
79037657308
79645511973
79197712370
74953411179
79031960382
79165386520
79035642132
74956633216
79031209393
79852107710
79199978888
79263026062
79166906031
79261031754
79104634797
74953650252
74957396476
74953410559
79263315903
74953408086
79169897077
74953400948
79539613476
74953412229
74954475985
74957862150
74956616500
74957122181
79257195667
79152050580
74953770061
79161659907
79168818787
78123322051
74996616042
79268569771
79636588864
79778281116
74953639810
74957130044
74952214623
79263725304
79296583224
79161368768
79255890976
74953121000
79166225490
74957889668
79265442561
79653775995
74953495849
79036868653
79265634921
79647982253
74953486325
79251267672
74953745446
79067436945
74956462009
79099958844
79295160421
79038368989
74954235897
74953411582
74952300475
79169531606
79263452533
74967568403
79856920899
79168055902
79031634033
79268402496
79998434054
79660635393
79265507485
79035298055
79037269492
74957923097
79652346768
79165720403
74959825960
74994929053
74959026545
79153597255
79030003660
79152750694
79263447172
74959262966
79067761171
79165569994
79652172872
79268464813
79265725763
79169168891
79301652779
79166376144
79164543383
79153338457
74953410239
79165338446
79253073327
79067820463
79854910891
79260389186
74996186679
74953199619
79652947711
79254317531
79250968308
79663870387
79296456007
79167591870
79015934268
74956525501
79055523195
79157800008
79161638556
79167266207
79168796691
79999742580
79175576183
79161039504
79266781149
79151510292
79254518768
74953995953
79151393935
79269640183
79296727621
79166310914
79161260666
79999116008
79162426639
79999116007
79854105929
79161714642
74953423327
79623696990
79265572567
74953424209
79264990394
79150087501
79057399859
79654041134
79166227781
74957341510
79263449782
79161377034
79265268430
79252646696
79853322218
79162813963
79778035315
79646497288
79057092459
79857573591
79266168305
79031421976
74953408305
79060986547
79168161028
79168537143
79099070260
79684999089
79153999949
79857702053
74993177577
79854383943
79852796224
74959131203
79169646411
79096332622
79104294695
79057443418
74992404278
79036198762
79778768843
79265342681
74953955959
79267032000
74954437383
79067163705
79859704524
79162611231
79254880322
74957169595
74953341203
79266045454
79032741873
79261790717
79031997824
79057898368
79160366654
375296640160
79645969948
79037221590
79775194599
74953932935
79859889092
79152321760
74951203604
79104466114
74959115015
79251870853
79689258026
79167461352
79161205351
79261727469
79999239901
79689515781
79035138181
79857256038
79031002398
79859975091
79166360373
74996151127
79032455504
79264181634
79017938256
79213620590
79683542545
79067106030
79153715834
79048780911
74953403160
79854227441
74953501504
79035813148
79687967246
79169178484
79166649202
79165266507
79161297395
79689064890
74995580817
74953916009
79162562645
79269695443
79265190318
79261012290
79099190266
74957271642
74991285292
79166022820
79163080257
79636552846
74997846897
79037610409
79055123451
79257721537
79507780013
79851389010
79161096090
79160564573
79060754548
79152457956
74993207532
79160655999
79035171853
79060985625
79037866531
79260936936
79629828578
79670833105
79165774883
79104474856
79266677966
79260819930
79859056020
79032310394
74953371891
79167553990
79264606651
79639232413
79686342027
79161832838
74957134775
79253737009
79167007809
79169578210
79037127091
79166232315
79161532378
79265380729
74953501342
79873757636
79261038885
79261633853
79161376296
79150477594
74992325183
79032011611
79163758940
79175570040
79166674476
79254381260
79169081255
79295041914
79152602427
79160282608
79265775059
79652733392
79151001033
79629776472
79261739570
74993230102
79104051721
79261860510
79057380947
79260854767
74956088343
79297881925
79855563366
79032561736
79168886894
74951520197
79264657341
79661382527
79691233552
79771722834
79032318870
79637278353
74991822238
79032074363
74953426776
79774962654
79037785894
79295535343
79267999343
79262443661
79853081169
79104273631
79629003313
79165220877
79856451987
79999669802
74996088477
74959800000
79266859025
79660089625
74959131205
79150603892
79161564532
79296083422
79091537476
79031348783
74953420477
79162077087
79258007554
79169354459
79261839557
79660898181
79267086267
79104320211
79039680916
79857763702
79166528123
74953498420
79055200518
79265968163
79104359680
79258885765
74997461635
79251110602
79168810052
74967632289
79154987121
79296226760
79645216825
79169001385
79166821107
79031470190
79032154871
79055091858
79853617055
79164934790
79163386968
79035821551
79997820757
74957137709
79037648062
79099959259
79268428755
74953437421
79269124646
79035475210
79017616810
79160532031
79031158024
74953969159
79167214555
79162632498
74953388730
74957112585
79032733117
79645816038
79160651461
79645017707
79037007325
79035222996
74997435334
79636076821
79055454383
79167251465
79057872669
74953424679
79606871474
79175753596
79057527749
79160075700
79067723166
79055856060
79160283534
79850601020
79251661224
79857709763
79255094227
79263553468
79037869340
79164120021
79162249948
79263542127
74953406835
79160077608
79260712693
79857336640
74951959032
79852260111
74997253284
79859521550
79161393300
79104029113
79629455131
74953821249
79197705537
74953967216
79854716062
79150224391
79251302403
79031297079
79295686780
79169261050
79160545646
79250650000
79055778107
79164273636
79055757070
79854482726
79262555507
79151901859
79688617113
79105331827
79150012398
79165094718
79167267990
79253768065
79253133556
79853032080
79099068061
74957755505
79773364711
79263193250
79104004748
79150058004
79853398008
74957045341
79258261563
79031960113
74956973019
74996155990
79150978134
79153013439
79160133483
79165513997
79197225488
79266010556
79267770910
79037669171
74993721672
79645831729
79266653124
79778996916
79036296962
79037501171
74955923589
74997431104
79265794618
79104404454
79166170574
79150985500
79037081221
79153357282
79778579608
79273885574
74956782429
79853811030
79151553591
74992322343
79263853966
79151281509
79778814959
79096953046
79166775958
74953955061
79036104492
79032260226
79261982999
79647010236
79250821088
74992343221
79037311951
74956587318
79031116088
74953972628
74953982186
79057005719
79032858799
79855485348
74953992980
79262005765
79263807657
79036190010
74953423637
79161789362
79169966000
74954230838
79031595863
79104779323
79261276844
79267833708
79032101382
79263395332
74996135608
79688182608
79099421111
79683390087
79168089347
79150808192
79854207415
79169808633
79161402819
79778845903
79030179778
79160553011
79162049684
79104008323
74954235798
79163854714
79651850801
74997816185
79651555572
79265779035
79037103079
79167890220
79646486788
79191082919
79257891088
79773117639
79670930812
79262786128
79096905575
79663402495
79859977671
79859764632
79160383251
79175456040
74967629794
79296082782
79168051229
79851343599
74953924160
79032961208
79161322080
79858052550
74992326104
79774870504
74991204630
79266512126
79197223212
74953412764
79153630800
79164278733
74996083629
79168885619
79645881158
79853806811
79684411122
79772584085
79254674505
79036491965
74991257698
79161334851
79250616834
79154027609
79265571232
79161422115
79265317188
79257720891
74996188248
79163153226
79104096540
79030031998
79265347018
74993232474
74957031566
74953539691
79057386636
79165922668
79772779967
79035156865
79104422246
74991740641
79653210606
79265731988
79252320225
79680728580
74957136399
79689453612
74954565278
79852912921
79672419229
79037572037
79859809569
79153274852
79850614646
74953972732
79264193232
79037243111
79037717583
79166848295
79060482569
79268900016
79250370944
79017838147
79265215546
79265909394
79060296815
79857660307
79637828095
79263363568
79269380328
79175421915
74953451456
79035145760
79265298985
79299692440
74956063860
79164347927
79031955324
79162067742
79067193651
74953417090
79036437722
79153660546
74956411783
79266607100
79031320201
79169675059
79859829689
79030106975
79300564160
74957191989
79261450302
74953705301
79163339309
79660818888
74951520198
79153380933
74953551761
79175236439
79645852620
79162245478
74997068077
74952807271
79039603889
79108396202
79771400683
74953199690
79263389885
79261501010
74993232462
74952763100
74953335111
74997406426
74955104291
79267144599
79687488220
79255185932
79295733355
79251823020
74955505034
79166154161
79263667620
79036836068
79104671032
79853663866
79261601284
74953409949
78126461728
79152837555
79683788860
79104435263
79161450561
79162502014
79262813322
79775049144
79175094549
74953952116
79057666111
74959806818
74996167188
74956458240
79856441757
79161523553
79164020813
79653217766
79104005164
79647282529
74953416057
79772648341
74956556908
79037203938
79264959591
79684119615
79622442722
79670250551
79771463217
79030195599
79165031425
79096790579
79266056393
79859852935
79099107737
79773419158
79999735880
79154243477
79629314477
74992340626
79164990690
79161095639
79104190241
79154779316
79055568882
79164312762
74959747503
79031418728
74994010763
79853616367
79037474663
79104222281
79169573574
74953963227
79261902137
79257517157
79037224558
79104131515
74956458324
79257081366
79167130867
79671738203
74956542241
74954199030
74956461968
74953401882
79163442411
79030044833
79266762219
79165911201
79154983747
79057918626
74991268935
74953902472
79036899911
79175950404
74997052033
79262716916
79147063055
79629709130
74956786915
79166222375
79197661821
79032358152
74951523196
79037924428
79164237023
79150988899
79036784969
79031118157
74953974479
79164177395
79261751418
79057016049
79672574446
79661671523
79168458563
79032941950
79859398770
79262908495
79032631031
79104046128
79166522102
79629985131
79167806628
79104128458
79031747764
79688085463
79670643267
79166141292
79035527211
79293398111
79037262299
79163833192
79859389937
79099898682
79154243276
79163329455
79165676467
79266949218
79191006465
79773005347
79852140266
74953446541
79851522765
79164430314
79262641900
79534309285
79858167479
74992182031
79036682577
79099433111
79169201694
79259167339
79636317889
79162122323
74957206688
79251240175
79686511864
79055152381
79671911936
79261487369
79252020079
79169467777
79066210008
74953990419
79031771080
79165931786
74957879016
79104779275
79151907983
79057526757
79857646996
74959823825
79015235828
79037722122
79151273447
74999638058
79166741478
74959332576
79859755707
79163532881
79263238689
79252651712
74957415442
79776127757
79057420380
79096574495
79032007327
74953829525
79104388078
79859370330
79166035080
79250428381
79166339660
79266777805
74956846611
74999633008
79629373187
79260203761
79151812771
79161713103
74997552220
79258012840
79262049204
79166080080
74953457294
74953402781
79169661983
74956559804
74952878129
79851817869
79031923233
79261369846
74966490150
79035172064
79164244124
79035782466
74953426291
74953404364
79653104085
74953141732
79263493090
79671230046
79161818037
79096649109
79269775707
74956633811
79999728422
79255174040
79031029590
74953803040
79037773393
79647741710
79260014639
79167958048
79521546544
79037971221
74956978065
79037929600
79104177563
74957110403
79161948031
79166020903
79166609087
79776336841
74954600266
79152817184
74953424378
74953508981
79031995064
79175321513
74956456340
79163905318
79166087890
79261747361
79857876575
74953420956
79199901488
79162173681
74957374737
79037388735
79067721624
79031062093
79775425402
79039763773
74952743131
79263732758
74996089270
79031286977
79152494755
79154962141
79265217791
79636930315
79057550199
79032449185
79037248021
74952147579
79154860205
74991216074
79104008328
79161307285
79031218798
79031736762
79169182407
79037481251
79647209010
74953903270
79266565687
79775864456
79167890362
74955516441
79160412159
74959602424
79037578719
74995180210
79169607166
79099369425
79150642600
79854808037
79268772824
79091608550
79261633248
79689461424
74996187345
79197759647
79035837502
79037826975
79651698880
79857586255
79037707226
79774683019
79163051211
79037902388
79859637008
79262153093
79162056111
79161302202
79852825507
79262189093
79197772022
79269342101
79099379420
74992324915
79037970449
79256359067
74985472548
74953487087
79858371176
79265215569
79057374233
79262762668
79653050284
74955499206
74958672626
79035640229
79684557000
79653509303
79165469722
79161923350
79154860289
79778330500
74957392140
79255172365
79104177889
79296418228
79091628092
79265370883
74993204836
74953460065
79254299567
74999779614
74954953552
74991696396
79191053666
74953798561
79854184558
74953337121
74953195874
79057061523
74959179968
79167104203
79175053161
79152999172
79166034708
79165558337
74994013147
79670328237
79168190768
79096471312
79997101331
79035888584
79264334341
79857622298
74959700122
79036744942
79163335761
79637261026
74959848461
79104462559
74954679955
74953420939
79651535928
79175589928
79175819180
79096944849
79851579914
79263257585
74952491162
74956177883
79253022260
79104127002
79672372777
74956545906
79853851202
79166255857
79653679612
74953199364
74953402026
74996537514
79652884884
79261965687
79261120200
79637828507
74956477951
79165030312
79169819275
79268199130
79175111702
79164450887
79266447165
79300887983
74997025297
79671839405
79154344990
74956777201
79035807328
79031505488
79267238193
78126431028
79153466614
74953414270
74953879254
79166754523
74957821746
79851316859
79262699656
79031479453
74956655600
74952213933
79772576590
74967643297
79629018398
79266033202
74991209806
79262255526
79250292033
79162114798
79163189878
74953984335
74953216132
74959636279
79265369251
79268440471
79154025429
79175135079
79687037818
79263830753
79267226157
79250517659
79096977385
79031262464
79639778839
74956796272
79689886944
79264130837
79264676333
79154168889
79775571445
79670154149
79653498081
74957174255
79672066968
79663272212
74967637835
79629539666
79032758427
79858255404
79257486160
74953989053
74957178027
79152214667
79035985170
79261887256
79858542164
79680491122
79264221488
79037500802
79166389357
79163047516
79859999203
79800008003
79685763512
79262103310
79162253984
79267999874
79651493426
79036177879
79623618000
79168753809
79060979089
74955450045
79262779404
79858210519
79138207245
74992371658
79161322397
79629991919
79166448243
79515200611
79166264602
74997426297
74952903009
74956587164
79165955476
74953958386
74956549328
74955439076
74995008903
74955281570
79689797137
79154679418
74952876100
74956625052
74992862930
74987115597
79165713628
79035786326
79779246465
74997025296
74953470202
79652320802
79260979330
74957777526
79175392367
79266286830
74956637383
74991752559
79646271161
79265760302
79265201052
79037788354
74953495251
79261947701
79161292209
74957211400
79267327343
79032683226
74953588284
79263974696
74991702456
79032481959
74959502800
79164313680
74956559424
79961633010
79264199516
74951816060
79255179808
79167078447
79261854222
79152359497
79163097133
74956499630
79261285050
79153201080
74953217083
79265783237
79037551805
79032506010
79017616811
79153461802
74952551816
79651560382
74996860802
79031816292
79260583128
79629001970
74953630855
79771697833
79268857789
79099080654
79637624578
79166754288
79857980544
79067855106
79037606099
74992341112
74951202328
79623693169
79651150220
74992442695
79165691123
74952298400
79263235151
74992320891
74956605425
79268480973
79201026195
79067643264
79653868006
79163848681
79037796081
74953966064
74953954075
79854103868
74952280874
79150454522
79166551183
79037619102
74991799961
79663496284
79188322586
79263487463
79165906253
79015194831
79162344966
74992322193
79161745525
79779435041
79039696011
79851608082
79031887417
74958679986
79267796000
79265308222
74953922773
74953961022
79257153350
79854200855
79262475985
79772646299
79009871148
79175606914
79852130937
74953985263
79164166103
79031654689
79251481718
79162070877
79154677739
79660970077
79771100104
79104413404
79099189061
74953117481
79651860996
79162124941
79164324564
79851003731
79031753595
79261222841
79099870610
79166206565
79163828168
79031606575
79265815981
74953446595
79031419988
79854569332
74954677604
79265771611
79175711033
74953949386
79175711077
79057129864
79163220604
79851990021
79853506255
79035825061
79160652960
74953457594
74953422688
79647711060
79057152424
79647212246
79169876710
79262807516
79636397964
79261839688
74953250135
79262091131
74956581455
79164238338
79269477911
79166072250
74956864061
79683703901
79854112219
79057493429
74953962332
79776092757
79161914838
79671397444
79163557301
74957143421
74953221168
79269567408
79165076282
79773866860
79254461394
74953765995
79250918407
79161316300
79152585111
79036776755
79165714395
79261977741
79055572179
79660242964
79035424315
79296986986
74992352926
79255947575
74957127105
79163527577
74956773931
79067021816
79104005076
74953441748
79161316208
74956581531
79268293174
79150487882
79037601716
79037993743
79037331223
79036970215
79055218500
79645822989
79636824949
74954824753
79653820555
79263772188
79262408193
79776114177
79262927684
79296553015
79055666343
79774532895
79104542217
79652512880
79997984788
79778163717
79153634555
79032843270
74953431585
79605770077
79266581206
74957119150
79264082208
79636173369
79671794179
79262042938
79150441849
79262858212
79853075055
79255257198
79038396622
79859046140
79161111741
79161574516
79032329779
74967625859
79153330170
79688346656
79250046852
79152426434
79688244002
74991524488
74953407871
74955497130
74955501799
79256645474
79031816749
74993237558
74959588417
74953463436
79852123142
79670003050
74953776330
74953454991
74997232818
79036647860
79154626286
79253124478
79163264802
79031174380
79165850595
74953401123
79686209715
79250346834
79629205888
79261445447
79096537020
79854745787
79163334739
79251936554
79778563176
79037200956
74953935119
74992320127
79852555100
79162189271
79261829141
74991738115
79067800373
79852481410
79257117531
79175794984
79262634144
74955513568
79660009483
74957799523
79265709015
74953459135
74953752750
79164160951
79164646635
79688676149
74955516405
79265434944
79639957636
79629992556
79164299419
74953405835
79636232513
79161010305
79166065859
79265448511
74993247578
79166100131
79037777765
79166777549
79175936953
79104922092
79262318870
79055062872
79035600283
79096717590
74957799625
79165535582
79299825209
79165157664
79652827252
79670166032
79169682688
74996172541
79037806862
79857839494
74959263419
79036282202
79296938082
79854312547
79267092749
79153525122
79262579661
79263983824
79060482777
74953423256
79154702715
74953419378
79104539592
79162965687
79162778720
74957169314
79653076332
79031851560
74953397053
79104724517
79035910237
74953548894
74993749089
79261763147
74953407283
79167217212
79663488186
79778027473
79163243408
79199910627
74997220098
79859058143
79032525300
74956581396
79269144235
74953954972
74953463363
79199998558
79161536960
79778014872
79851404835
74956024802
79166506306
79661231217
79859756864
79035663800
79260601330
79163564002
79772788088
79166739985
74955486030
79169729729
79060395922
79629369936
79197218263
79036752716
79296842976
79152220298
79017810590
79265284239
79772998980
74957874671
79267026444
79261982524
74951506558
79262213032
79037710161
79265212567
79645728684
79030136974
79299507434
74997431907
79109400497
74994785766
79166694719
74952290161
79165126613
79269189438
79857653532
79165030667
79104002311
74967651133
74959876550
79261793138
79859241495
74955500207
79099025997
79651543738
79055921559
79037595577
79260867613
74852461072
79255094426
79269964217
74957877206
79167195697
79660204320
79037964963
79197741085
79167328078
79651380803
74953293278
79686057700
79629765535
79775130166
79264119049
79854907727
79779415096
79036765506
74952807830
79629073333
74953553111
79690367080
79165982462
79629211005
74954002151
74956603578
79663807474
79161223688
79057523963
79296824041
74952216553
79252929977
79621459240
79262475883
79169257434
79996124247
74953409188
74967532505
79645836487
74956462788
79165213120
79151377471
79036118074
79299656560
74953420064
79057257393
79269025941
74952215320
79165280885
79035357000
74956959878
79646433503
79857923832
79037946577
79268213808
79055306261
74953479894
74953447977
79096899916
79035225500
79151879847
79859584259
74953418296
74957300285
79266287431
74957925944
79067674814
79037299147
79163156363
79037097030
74959367022
74995570470
79150688468
74953747187
79253181898
79266595963
79151294928
74956406327
79164261640
79266641323
79261870872
79777014341
79157875933
74992721284
74953487035
79153901696
79778115455
74953142878
79037242412
74953959909
79067255724
79166020810
79161011725
79161055331
79651462955
74953819959
74953488173
79035337922
79295004429
79772810390
79030144107
79262310538
74953120766
79852133977
79778572370
74953401265
79166729924
79165328538
79035309368
79647094038
79167475234
79164088114
79260929529
79037384660
79035370359
74992019668
79169429522
79168310847
74953700898
79262220705
79771478415
79261446455
74992421232
79258002855
79017965630
79266137330
74997253381
79037256135
79266104879
79175247052
79162007955
79852542688
79266652513
79166132418
79652675561
79295580654
79265686617
79169509589
79859936140
74953133863
79672719207
79067233003
74959806339
79057118788
79852331587
79969744009
79268160860
74997976142
79629335410
74996526000
74991773820
79150559552
74995599910
79031972771
79260972620
74967683485
79295660761
74954320542
74953155238
79998494532
79252078369
79852236503
79036224334
79104013137
74987087628
79091597571
74957820606
79218490458
79153027515
74958170636
79651373292
79175030267
79689084434
74957404067
79037693143
79091513476
79067456463
79260133454
79099071811
74993566534
79152052536
79162228614
79671001085
79150169276
74953588797
79161177011
79036284604
79055241702
79266337417
79250583103
74952230001
79853603310
79265900629
79154764085
79154333303
79031917174
74991285171
79296395918
79151606560
74955010163
79295411700
79269059005
74959445937
79031821919
74956870984
79057908616
79296198026
79055595678
79645900570
79067452855
74956559187
74953918258
79191030203
79199680988
79689453914
79166854014
79772708702
78123360111
79104590108
79257726335
79645653565
79057367042
79036258279
74953414871
79629054939
79031880505
79163947767
79263862609
74959510920
79652438181
79169280288
79036629179
79167619407
79859083251
74997542056
74953487430
79055885477
79169547507
74997590075
79166958935
79161281262
79773522630
79647052932
79689447500
79163938288
74957059401
79160186511
74954424527
74956559284
79262710898
79165522645
79057192211
79037135656
79266092333
79686649846
79299268746
79055688677
79165010102
79990960036
74952320511
79851279832
74953434079
79854358017
74959195680
79161569595
79162315388
79689791619
74997413715
79653396299
79262037349
79161336068
79639619992
79296358030
79153086888
79852082166
79035663674
79850502288
74953452330
74956052414
79265717922
79224308415
74967540136
74959367441
79884731166
79296457145
79164434788
79096705149
79260101767
79055537116
79067947554
74952792517
74956637486
74951209972
79035624679
79166640990
79265229692
79670240212
79683855878
74957753934
79167922002
79266909931
74953931817
74992350627
79636207070
74959345936
74956810877
79254798006
79165057515
74956041200
79030097912
79152057205
79260313939
79264442232
74952210886
74996105079
79267867996
74952255472
79154795862
79104097998
79031018117
79166412440
79263998625
74959804199
79268806019
79164236610
79166756003
74951505558
79261636440
79163456259
74956328888
79160714044
74985004166
79169544202
74953486397
74991234355
74991288691
79268827802
74997411095
79032216423
79627331777
74957371011
79067544386
79268676113
79774680392
79654312469
79672727979
79150917087
74956631250
74953904008
74991260619
79055283190
79775472252
74955501755
79175320454
74953426637
79778167896
74991330675
79057617279
74953452424
79267000028
79250571756
74957879291
79104725352
74992324971
79152606488
79854130794
79017734564
79161943373
74953400021
79262093539
74992321910
79035394316
79636808600
79166438579
74953491809
79037227821
79772793769
79261444016
79165212460
79253351075
74992320007
74953947092
74997931959
79169992587
79057403652
79252219092
79166735540
79295825291
79859218491
79036753266
79265504446
79629819981
74953982250
79096864372
74953830436
79169111165
79165072840
79636517111
74953493714
79161973500
79998787724
74953404776
79169927076
79057806973
79265264149
79164335556
74953909956
79268109948
79258556574
79031052216
79166503504
74959962420
74959811095
79161031135
79688190119
79037209012
79652349777
74954257547
79096520465
79067884877
74992112436
79636796449
79296364010
79166356610
74956403861
79269513090
79057708772
74953969648
74999998000
79661267755
79255077752
79261614181
79264588853
79104762063
79202314556
74992340310
79265219501
79060992626
74957170225
74953989056
74953479590
79661258378
79037891381
79265937329
79636547787
79254355519
79032717789
74957176480
79255077809
74992323695
79260449977
79036731580
79067356383
79166267761
74955445554
74953990584
74959844178
74951390909
79165707308
74953215698
79168330394
79032628866
79167331868
74954558307
79647282859
74957798690
79067479303
79639628788
74997882009
79165047216
79037345238
79101707264
79264241500
79104543465
79629267372
79266699085
79689027080
74957759775
79057207465
74956275397
74956500624
79166942389
74997228056
79057493344
79151754700
79857718844
79150961091
74953428817
74997464813
79253141810
79645304117
79687855168
79168574027
74997120079
79651684067
79295542969
74957975969
74996089677
74959802498
79154478420
79096818621
79654380605
79153467355
74955433569
79262500045
79162708490
79257753270
79032233777
74956592178
79035628352
79263904924
74956053525
79654109685
79260779047
74953427053
79096675555
79031989733
79169410317
79165509406
79299501600
74958581575
79295717381
79035049126
79092500280
74959389041
74956474847
79251713989
79057039804
79653814129
74991915167
79175501705
74953768184
79852763390
79264502502
74955492360
79266105022
79031291233
74953489352
74957031269
79265395110
79690766844
79154735429
79251930605
79099539016
79091565353
79165542426
79031608348
79165589656
79161223333
79169070566
79263997520
79175895257
74742281087
79031344675
74956571415
79636547780
79166235583
79258968615
79263347999
74953402854
79166023564
79164446924
79036120285
79060515524
79161566453
79680301426
79265300340
79168412156
79859788530
79267305000
79060473896
79035348619
79169111712
74957974798
79615856981
74953419416
79175051326
79164855926
79104829987
79775914223
74957237777
79160855626
79296613965
79096658092
79629987878
79689908094
74956619690
79055662190
79268392963
74952878357
79250011221
79672263322
79268332226
79857599070
74953886097
74955460629
79169288870
79055010625
74997024287
79036230121
79852816756
79153798949
74953900746
79265248328
79645353523
79151231708
74952580845
79169600531
79162553411
74959842050
74956072386
74991485428
79671213426
78005008863
79266630402
79055103729
79771294722
79268479449
79266769149
79175126544
79856491624
79163701182
79104058708
74997463426
79154187655
79099615682
74958504421
79032081625
74953554256
79162863613
79778822703
79252782811
79263113333
79255184522
74952324386
74957774147
79168366305
79261294310
79267275418
74997206071
74995178866
74992010364
74999510000
79163218324
74955513447
79162390360
79851091790
79651482223
74953977004
74985047336
79168757395
79057114560
79039744684
79688203939
79035806511
79037971460
74957545428
79255181510
74953633020
74953423809
79251739348
79853081629
79255022551
79653026087
79163507836
79067804912
79161553744
74953445994
79637221288
74967971585
79252085212
79099381398
74992325990
79168007171
79168808025
79250212344
79031055722
79250051904
79255049113
79057399529
74737421896
79175359402
79258880012
74953937475
79299394573
79160951885
79037337524
79091591509
79031431825
79104669936
79255180818
79168862771
79859783562
79859544895
79055554303
79032710244
79109445105
79263413366
79035497372
74997382607
74996192326
74991267067
79251273676
74953554693
73512460041
79060337206
79167513551
79652138203
79037466222
79152151651
79166894774
79161286631
79153558296
79684350460
74953815162
74991748723
79096429236
74953957779
79262568825
79161940977
79641474444
79153778830
74953830069
74953425764
79652705588
79162222203
79067830323
79264106579
79151736813
74959139501
79152755513
79852789596
79254663136
79774251102
79167348119
79778804939
79857686168
79168518662
74951060636
79163938833
79268969997
79773298089
79151961580
79998619640
79175360083
74951941027
79162759080
79067960923
79099526881
79689469878
79096719436
74843471570
74958672129
79651065632
74956234493
79169295955
79262085085
74954341864
74953498496
79263290007
74994784379
79259031481
79299443002
79067888828
74993737289
79166977535
79153270206
74957044080
79852277872
79651584444
79250707500
79251445559
74953225308
79778995880
79162581838
79260274466
74953216858
79254407183
79687055099
79268139824
79030000207
74999781689
79156900374
79160057580
74957150881
79295441226
79637509219
79774869668
79268170089
79263413646
79995550300
79771674131
79269018269
79060932999
79104057521
79162430053
79604851828
74957919288
79853349846
79261780174
79265833867
79850343313
79057078627
74953412881
79067514474
79772521717
79032241221
74953401226
74997254127
79253815288
79167865596
79652218888
79771642514
74993246101
79035430192
74953516340
79032180038
79255146336
79773494195
79687030119
79851614701
74953117644
79039602625
79067345835
74991592554
79060489308
79096680022
79852012292
79032482687
79031918081
79153158786
79154980612
79057298373
79684052022
79031494042
74953423618
74996616360
79153421788
79653969048
79671251555
74953413798
79776499679
79253757617
79057106893
79104320680
74992323743
79037246765
79266202660
79037991996
79674336703
79191006024
79852600519
79162314192
79168724320
79686007335
79167828233
79055664154
79166768787
79166450722
74954244172
79268309219
79162450114
79161666576
79153651999
74953519765
79169179582
79057679677
79265925377
74953036796
79262358632
79150027324
74953436510
74953420827
79661169990
79169089753
74957345726
79257250600
79151151507
79031774621
79165220789
74992340213
79265818235
74953972513
79652516116
79671220292
79165050894
79161413281
74991221092
79060541827
79998622566
79660074191
79017710531
79104815393
79771249084
79670279880
74999526627
79152014277
79773271454
79096690376
79057395331
74991714435
74954176052
74967759803
74953970414
79161634354
79057239709
79104836322
79151116766
79104228257
74992321071
79637723661
79295775881
79774291088
79152230077
79773440419
79258803508
79653075159
79652338002
79296675704
79166613247
79774127435
74991755615
79162671565
79165202066
79161090430
79779844505
79161382044
79263185328
74996862024
79175521021
79191099531
79091581486
79161441160
79163720971
79260945364
79653821899
79250591996
79162198968
79265102842
74993249629
79166512981
79262381408
79104292225
79031309157
74957124008
79199681616
74991858676
79857623331
79167768450
74953954044
74997463120
79057947377
79166366395
79033637105
79161419534
79166129491
79262303688
74986578621
79254433167
74992322504
74954468307
74957253199
79265603479
79067851585
79265715064
74956768666
79859081361
74953447818
74996191485
74992340567
79672429144
79639269946
79267166509
79258338056
79255045343
79152215700
79104778724
79037216765
79037459039
74996189150
79055956239
79167086430
79169520109
79161655457
79169639423
78632959958
74953904492
79031059447
79150784848
79255538953
79057529099
74992324724
79036606042
79269487509
79261980948
79772678083
79031420597
74996109818
74953280681
74996850035
79671757767
74992624608
79772674886
79104183232
79166635043
79037425239
79168288087
74953639380
74997909049
74959537108
79263374928
79299872202
74993466879
74953296047
79104714596
79857272526
79057435288
79653888960
79164247702
79104821228
79104886363
74957874401
79150622155
74967484414
79269145430
79055573459
79035046860
79165098758
79160220536
79637707115
79067193358
74959880010
79154339013
74996438585
79166060541
79167514728
79639934290
79057554438
74956943653
74995078914
74957195604
74957755337
79037136416
79055214100
79036627788
79104012131
79260500771
79032332822
74959376750
79162100666
74956540339
74997226213
74956750561
74967544048
79157759587
79035587651
79207128486
79167263209
79851420383
74956913740
74959894847
74957799033
79153952395
79269595599
74957125063
79778757927
79850585800
79169812793
79055062676
74956802293
79161285679
79686388877
79254934912
79154145133
74957979453
79859354734
79153623037
79853037858
79257020492
79853647466
79264065558
74997977172
79510871019
74957516941
79037224561
79265396946
79268898447
79032653504
79175556595
79164564466
79267159426
74992322187
79161023503
79151387370
79264613740
79165138408
79854246257
79160191924
79150082789
79852267612
74953964545
74956584269
79200349434
79057613033
79258367518
74996115796
79265221747
79251951063
79035634960
79855761373
79168382608
79057918759
79645005445
79268792372
74996530128
79164572856
79164704346
79057958617
79031197546
79637186990
79151197720
79683283658
79037106095
79160422816
79774706443
74996132562
79031198811
79250101278
79199607307
79151488627
79771227267
74956876372
79260269727
74997387268
74967642420
79167078979
79264386508
74956319009
79680979941
79035225522
79166093431
74957799315
79774868809
79670450386
79154241719
74953428042
79264822305
79037298337
79163759879
79251588373
79191091773
79998426277
79651931088
79104188707
79150569639
79164779543
74953419427
79264079259
79055120506
79099316964
74953995518
79629236233
74954654122
79060363129
79057085448
79055710055
79150918355
74992048424
79104536657
74952584534
79163098717
79165466170
74953791789
79266520246
79775790465
79629320990
79037922186
79263853736
74959805239
79151441677
79152868866
74953635035
74957560530
79165360032
74957251086
79035574479
79035345500
74956452266
74956581519
79778476670
79637794849
79267427349
79269068236
79778753612
79265312727
74957455565
79267043360
79163086112
74956674111
79057256325
74955103120
79637605827
79161684497
79778044662
79032889129
74991374503
79161352964
79197209242
79031393222
79636338639
79037961225
74992442350
79104037760
79689410146
79104571941
79099604269
79057258059
79264555222
79652329555
79859916145
79670156588
79636356985
79104755937
74954039290
74953418278
79779678257
79269483928
74951060096
74953130463
79032381775
79037249147
79269801933
79036226495
79263454554
79636394351
79091564288
74953630532
79057617071
79267852927
79683715865
79262374411
79036133109
79690878665
79854107619
79166471004
79060990999
79854275822
74953427907
79036709340
79258555250
79032193119
79859972616
79252910120
79263077781
79162913399
79256270559
79153028969
79857485117
74992343620
79197704989
79017031722
79167750643
79165095079
79294038956
79164508399
74953475346
79670606808
79165498959
74957027450
79265722494
79683201172
79031441457
79637529098
79671697100
79265932364
79104096284
74997253329
79166331097
79057802161
79031003832
79268578589
79299641651
79262779296
79150863910
79260468517
79857673984
79265212121
79854349291
79161803156
79153520074
79164989646
74957384960
79605179285
79036843570
79037646277
74953768079
79264113474
74956559042
79268360064
74952870260
79636224079
79104464690
79261031300
74953480748
79651286536
79255937871
79163034545
74953892392
79689082198
79260255728
79264307464
74992444195
79031610390
74956682093
79252200006
74995042828
79037652484
79264995701
79261172667
79037731933
79168077899
79057850323
79035316200
79162869872
79990967838
74953989042
79266613242
79005783552
79773091677
74992711619
74956594940
74997485708
79689993951
79165719580
79166001065
74953959632
74953951374
79162107508
79037796567
79036880249
79265681772
74991106105
79057514368
79853381402
74957061416
79663235039
74996411505
79772647535
79055049494
79858882933
79653965992
79031250160
79533353688
74953422041
79266488245
74957871211
79166171647
79296338272
79671077498
79166719780
79051426314
79160179974
79169533753
79998473721
79169150928
74986574026
79104049809
79778325877
79153367230
74991731521
74991751448
79295579715
79852375263
79175748161
79265270707
79168883330
74996087807
74956582003
79168508519
79162625416
79637827716
79261073597
79250867818
79162419931
79057280829
79856990911
74997024403
79163566930
79057750829
79645993089
79037136101
74953418779
79774974340
79264605866
74954808836
74957078379
79162028828
79265729286
74991790681
74959471408
79260645338
79105573696
79161458988
79166730557
79164337353
79774295887
79267560619
79150789102
79163291842
79685121442
79171083804
79104163903
79169090521
79859235149
79646446257
79168456955
79857743689
79096405202
79154632555
79858552959
79670818360
74965475801
74953426945
79629720238
74953421421
74953461022
79266938143
74957885699
74953418276
79162737605
79615371017
74956573737
74956702706
79032535387
74954002168
74956628253
74992628409
79104801636
79262828299
79036158293
74953599650
79037203225
79854913055
79169796196
74967544069
74951956109
78005500500
79199641265
74957884111
79099732960
79067661244
79037714258
79161133191
74953417340
79268182633
79264548663
79166883673
79162136637
79859912320
79857722191
79035804002
79031266796
79646390522
74991495858
79990199901
79261809270
79037987440
79060384855
79263346461
74992704870
74997501703
79032397200
74959670508
79060751553
74992323548
79262416273
74955971402
79160737475
79191000907
79637105020
79269016131
79153771470
79992335380
79166503714
74959262924
74956837668
79161141565
74953228679
79629525015
79000145300
79524478820
79264167056
79997145205
79685538848
79161182373
79269857845
79261474634
79161282738
79166451678
79150760232
79169744700
79060799595
79857296321
79254456813
74993171600
79261179821
74957886263
79152837959
79266070709
79168186008
79104125760
79100045718
79067970770
74954349517
74953490694
74956790539
79036323225
79853198409
79260306420
79055566582
74953504739
79175023105
79032286309
79036102621
79175267272
74993563786
79251468639
79262927841
79647273094
79250203300
79175152577
79852295746
79035735618
74992344250
79168579494
79639783749
79167385757
79154520989
79190179348
79779248476
74953414098
79853640745
79859265639
74953556971
79197841949
74953825398
74954548407
74992490437
79261877346
79165144523
74953406430
79672064621
79269384808
79254788871
79169305028
79670639444
79164907371
79652273539
79672898479
79055471931
79263161771
79996780606
79253318212
79057957710
79161185301
79645218838
79031065215
79255075954
79104313203
74991792722
79031707143
79854123192
79017486604
79096992999
74953161414
74953217441
79036735224
79037512417
74953490407
79264900466
79267696522
79685292377
74957064337
74955422302
79150857996
74957452600
79264529843
74957392096
79852766995
74953589301
79057779135
74953997480
79165151135
79251010233
79165166863
74953413008
79037210131
79689214418
79057381114
74957859472
79269092923
79261489473
79032679526
79858263937
74999224042
79778289891
74991275526
74953979290
79096489964
79109706570
79060320598
79161725806
79153070776
79267886724
79264397092
79685585533
79169392238
79035900323
74957069091
79163079132
79169114796
79104832501
74957017409
79160410223
79163645601
74959612565
79818905088
79260293324
79856884511
79165678900
79154634455
79266292109
79654174250
74956586463
79680302166
79266783185
79252330503
79259980215
79265714637
79164383333
74953905401
79639965929
79165718606
74997032051
74953444429
74959127743
74959179272
79262139695
79266996949
79166409079
79266683686
79099373377
79689816700
79154735653
79261173968
79229151448
79162983138
74953775587
74997947867
74953302532
74952801132
79636397576
79104009922
74989175534
79152955475
79268280617
79152100324
79162345296
79771742448
79055146086
79269900911
74955999620
79263815655
79252181878
79610220113
79067168594
79672888929
79629544343
79776847159
79856252586
79035197894
79151700066
74991573410
79168727632
79032675091
79774134964
79778609539
79257109330
79152524909
79104350694
79167039835
79150999209
79166257470
79268807751
79169649958
74997217903
79260360153
79651172149
74953960491
79175768595
79266141337
79777132003
79096428418
79055196309
79036642316
79032744416
74953950388
79853147128
79031758817
79104782119
79162845667
79035325569
79774147114
79772916534
79165080433
79164136964
79262030282
79057334788
79152380710
74954223361
79629249080
79772560972
79857737363
79036623092
79660800054
79104843955
79854292353
79035082562
79096668907
74953921164
74953975269
79175189888
79265876060
79162657715
79169616309
79037861490
74953464139
79199660888
79265639628
79055840861
74985058790
79645985253
79266250127
79197848309
79167515983
79265763839
79265730450
79166845756
79037663374
79255305009
79639764724
74956726893
79035310918
79637810951
74999041621
79154274985
79259161102
79039664885
79035923900
74967432207
79104576116
79857642386
79296059532
79163817260
79772837691
79154959933
74956582364
74996126102
79067501819
74953493812
79055767887
79037553616
79037835117
74953461579
79295950440
74983150259
79161071647
79017539097
79057631003
74953268116
79037694950
74953402198
74991443897
79253438335
79262035171
79265348555
79099049960
79165475291
79166260884
79037928416
79258658201
74991630106
79169301034
74957799130
79175056376
79150711463
79099237748
79637120037
74953980582
74957589833
74952215312
79165634045
79629372862
79262829926
79998090596
79629905598
79264998670
74992340021
74953429126
79039695973
79253318053
79091567197
79031172775
79266414196
74959599655
79151684431
79057522092
79169606864
79680480444
79165136302
79163701379
79263596649
79265260990
79163610048
74993564477
79175583291
79067862015
79161470375
79163266424
79261186491
74955000135
79262001390
79254706417
74991914387
79637250017
79851337332
79166550871
79266545955
79165835976
79295671823
79263136956
74991725704
79651487744
79015015647
79262577636
74953195676
79160985669
79055248556
79037968979
79153554388
79161005774
79031520021
79652779422
74953487354
79152902185
79689757725
79261478771
79775708440
79253522818
79268652534
74993738320
79262079652
79773230544
74953963768
79772577600
79262291762
79645323292
79168754750
79161091079
79036611392
79164238931
79161485373
79163311247
79693472737
79161910481
79295049433
79296629739
74957930425
79859241653
79057051717
79154387278
79588193765
79191091907
79772991215
79036830872
79859548940
79151916406
74953475913
79263633039
79771295315
79104828833
74953714971
79250226342
79859900373
74959213857
79686157333
74953916203
74957064778
79099452891
79151471956
74996123649
79166665076
74953473585
79152443458
79660354879
79651154931
79250030701
79153652000
79253824129
79773421726
79097862015
74953900024
79162739824
79057109446
79267859070
79651837713
79255051253
74953952181
79150036662
79262134850
79999872904
79260615077
74992344929
79160171727
79167777577
79267117636
74954255551
79262776080
79775098788
74953471016
79162798853
79096891293
79191007873
79152175986
79162700456
79166450532
79854784734
79035440697
79165369581
79295035272
74958670515
79150821018
79267165159
79258447792
79671108700
79163762234
79163568731
79254700500
79031902730
74991793011
79096669521
79035710997
79251822872
74992343058
74953925025
79257712935
79852105707
79067903463
79295808002
79264264822
79266165333
79067856029
79032771260
79067257505
74953960146
74967973621
74953875794
74956589131
74957218383
74953939547
79057403024
79161151461
74967637513
74957487748
79263555252
74953630093
79162535834
79161867043
79850558989
74997033679
79258439853
79032074906
79999055190
74956214950
74953630363
79037829632
79169219484
79252828917
74956556050
79265566977
79647729225
74952233332
74959267799
79162668771
74967683232
79653795672
79154694690
74953426367
74997413782
79169979435
74953425305
79857766755
79264962373
79675380704
79165265203
79261909385
79161807718
74992324547
79999232820
74957973200
79267796842
79164396200
79851802244
79775427908
79260916996
74953953630
74951247700
79262637213
79154945595
79161102363
79106436425
79652976995
79175526162
79161802087
79030158502
74997550050
74957218100
79035034153
74997219114
74959504203
74999494666
74997219907
79269489862
79851254126
74956222982
79258063095
74954284086
74997427175
74953473348
79295251944
79261625191
74872373943
79164662397
79104647102
74997533040
79197842286
79251973899
79856143476
79032679948
79060355651
79037658083
79057588884
74957452040
79055536464
74955891025
74959513827
79017196728
79168611171
79167556247
79266233591
74956516714
74993572330
79031484903
79031897285
74953110478
79096986867
79267885000
74991795023
79037424545
79850606936
79263839299
79099035722
79151272769
74997427173
79030038952
74997851190
79778755325
79032447034
79168112392
79253831126
79296695576
79629491521
79031348436
79099411811
79067171996
74956559901
79057004795
79032511736
79688267599
79031396066
79166407425
74953400893
74953400692
79645960153
79154773683
79099876869
74953280095
79167116639
79252050708
79057319881
79168645686
79661423275
79254522851
79104001179
74953959488
79163668979
79588258666
74956580944
79035397059
79169420723
79017713252
74822329428
79031999288
74912779678
74994614232
79852991068
79252778350
74953475932
79636049737
79670685369
74956982646
79257832708
74999728499
79096480808
79175584201
79778131718
79099674307
79169523879
79778505567
79774072517
79032332457
79032890190
79150560501
79036750805
79109407855
74953428733
79031093382
79032781652
79032264848
79037158578
79857791167
74950985035
79267666644
74953519753
74956707578
74953414897
79645004080
74993243957
79208783051
79036746373
74953976198
79161066686
79605247712
79099339216
74955439115
79165525586
79096669722
79168521127
79163203788
79652337069
74953597670
79167396190
79057223929
79153975367
79660956633
79261522123
74957708647
74967620897
74999367706
74953497023
74955043487
74951555155
79852228518
79299327086
74956786196
79859817711
79999883698
79153358693
74956754414
79851420785
79057757070
79647095333
79161461872
74959741150
79057117044
74956320050
79636107154
79651590987
79636797007
79091538240
74958491045
79859353676
79037550593
79039748357
79100097593
79629477166
79629348793
79057790055
74953416474
79268229952
79150508939
79167177661
74953190888
79165912806
79166166619
79265853292
79645166412
79261210709
79998080434
79689680020
79252980001
79684495693
79851889111
79060717070
79031053919
79031662850
79092797499
79067178811
79166161280
79262685997
79267217397
79688262615
79165852531
79687254433
79671847736
79153649744
79096382882
79168152377
79175180944
79774978122
79636711515
79645887091
79264150895
79035407385
79035043694
79261439942
79166545087
79166258022
79261524306
74956275545
74956766148
79888333683
79251110794
79165859144
79039705849
74992343784
79859993024
79167066939
79857725917
79999891689
79164801829
79031317509
74996539435
79031033400
79855555543
74997240876
74952293360
79252313303
74953415919
79067553399
79296591341
79250446244
79099048169
79152963085
74991108861
74952342090
79163861223
74953813363
74955260301
74993246863
79265404617
79295514435
79175174498
79153726830
79096626100
79260612024
74956400458
79645322525
79154017494
79672371754
79031454544
79150121256
79104994366
74993575513
79066852943
74959090990
79253600319
79104621096
74953916932
79030149642
79777269815
79161348756
79166814511
79851491717
74955648600
74953439980
79154490789
79161861072
79093837640
74953446411
79153330107
79999232331
79251429781
79055245675
79258540186
79168067343
79671278489
79859720069
79032625146
79773146319
79108117949
74986987839
79037209017
79164833038
79851816644
79684089008
79168535655
79262750695
79772578487
79035202555
79266194286
79299123247
79296971453
79151882989
79672401764
79663574611
79163028363
79161063294
79264930789
79683200864
79168101359
79684723316
79262044376
79299157477
79262824869
79250667730
79104248932
79260570677
79057403049
79167621962
79104935127
79266206110
79859502311
79267947646
79647977394
74956559274
74967614545
79169028721
79260319026
79261169065
79851460639
79036789313
79032337529
79258063882
74992580313
79166152232
74956928330
79651344994
79168610451
74953969598
79853350372
74953958592
79104592604
74953948144
79857672709
79859887206
79039607490
79295327698
79161687234
74992716022
79162066247
79160760555
79032509318
74997433050
79163285809
79253395584
79165089540
74953406228
79296307115
79153889980
79163670060
79268884541
74957211957
74956379955
79039606967
79776100779
74957817878
79776903269
79859085259
79296569703
79265526884
74992674656
79032144305
79168551961
79687340062
74995008118
79256964378
79691230599
79268457150
79037898302
74953223416
79263932848
79104120034
79162058905
79654279585
79263007808
79684229107
79250221809
74991442896
74959549041
79164992388
74996826091
74954860255
79166393600
74991479955
74953954966
79162369236
79268821935
74952490498
74955809279
79853865361
79990148371
79031736426
74956544728
79262227801
79175340929
79250469680
74992340858
79263624032
79037924200
79036616322
74954476838
79258672205
79260211593
79261059494
74993242935
79150421919
79032089624
79773513949
74991709139
79267144170
79680107337
74958673304
79032274747
74953442674
79250266814
79104537711
79166049808
79913364717
79296052527
79167262661
79035100545
79265602036
79265716700
79096229497
79162369738
74956583273
79165692090
74956583548
