74957027450
74992325512
79099597079
79295686780
74959498623
79859096031
79032605407
79256359067
79295003567
79264801335
79162813963
79661381468
79252257691
79162124418
79160446026
79164813548
79167514728
79774083080
79032675091
79035730116
79057617071
79175975195
79267203987
79152963085
79167777577
79778096702
74957304445
79269189438
74953871957
79636116060
79260319026
79851217172
79268118069
79264990394
79161239103
79269116288
79104896869
79104435263
79629355838
79160652960
79263922445
79260929529
79262160181
79039750969
79039780608
79266909931
74953954527
74997429997
79283410871
74991280797
79165201099
74953477786
79266128119
79067331998
74953262941
74953515343
74992323106
79031285010
79031972771
79252828917
79692830915
79151318080
79067566060
74953984042
79055668793
79265368328
79167706557
79166776094
79263413646
79032525300
74953882210
79778003340
79779289836
79269875566
79257153842
79057517990
79150786764
79166910205
79151397580
74953480197
79267990019
79175796543
79165270771
79636671781
79777714260
79266693556
79774680392
74953406228
79096418680
79254848868
79163720971
79162671565
79099732960
79154538992
79055688520
79852277872
79039789766
79262102236
74953971736
74956559424
79670446448
79057397679
79168305500
79169729729
79857450878
79164347927
79852223983
79036846333
74953419232
79645678906
79688085463
79096881743
74953982186
79672910431
79169327128
74992324547
79165220789
79215723606
79167214555
79262736787
74953416057
79165080899
79031964583
79037806862
79060649222
79299126401
79264612649
79169585538
79153091145
74953945638
79067589949
74953419352
74994895540
79166485217
79151393935
79055555525
79150657015
74993561050
79162622282
79776210284
79258472734
79162390360
79035422936
79251267672
79250150799
74953429265
79161719272
79854452250
74992417289
79852241516
79687503530
79775496441
79778623239
79256658545
79637770188
79104779275
79197688918
79055097389
79166977535
79260106843
79100134415
79032013500
79163430583
79067036484
79773399585
79032639280
79153660609
79035048915
79255538953
79652947711
79651487744
74954341864
79253894918
79168049964
74992323536
79166775679
74956768666
74953420416
74953689690
79265646164
74956237349
74957137709
74992183148
79773364711
79161096112
79261116542
79636356748
79371146443
79165922612
74992320158
79778559415
79162194560
79169046869
79671164001
79067849468
74991698867
74953434079
79031634137
79163329455
79164273636
79629992556
79036281551
79255183466
79096799702
74957128248
79854265202
79261450302
74953596632
79175548764
79772983320
79096459454
79037578719
79686203791
79265815981
79035912843
79151553591
74952303027
79037938688
79031327168
79688565092
79166030333
74999207883
79162182918
79167069568
79037203225
74992062214
79263395638
79266215521
74951253031
79773393721
79651080971
79684046664
74956989111
79057172000
79153660546
74952346520
74997550137
79267108710
79671896423
79036757511
79265233833
79253837677
79261604465
79295194647
79032021089
79104527268
79267562296
79266941433
74992340262
74953457594
79067048874
79055551551
79267221120
74956589092
79104130744
74955507071
79688265606
79257642680
79162050780
79693470286
79164869824
79163978000
74956415308
79037334842
79037646588
79165059831
74993206481
79252641361
79167217212
74953432652
79057443418
79031382019
79262786128
79031896789
79263447172
79258501696
79166886571
79605172223
79032220980
79268392963
79772811857
79165720403
74952490498
79853314303
79163523127
79104263251
79031446902
79686147044
79166418689
79250860742
79687092007
79686212210
74991414165
79164076871
74953422028
79778167896
79160595926
79055624772
79152750694
79637171757
79153760379
74956450520
79161587275
79857636343
79299160353
79265725763
79262296209
79035051853
79096899916
79032777125
79037924428
74958173366
79161155760
79067797689
79161678697
79268309219
79851934738
79859992925
74953897060
79653804023
79057684925
74959572121
79161956032
79671713285
79653217766
74956633811
79852950315
79629227984
79255947575
79776100779
79169057376
79261395867
79258497430
74959886443
79859882001
79153597255
79265295590
79998789400
79055931235
79162398844
79055956239
79266947546
74953768184
78216747397
79168520797
79153758986
74959611304
79265538102
79099206303
79260076076
79162397980
79104312857
79103113319
79999756488
79653996348
74957103001
79262680930
74996507519
79162620140
79260676629
79778525322
79032787198
79165110815
79629440803
79670328237
79529690879
79687164455
79031865604
79036889956
79162230411
79859376034
74956786454
74953407418
79255113276
79104048838
79267664641
79165092197
79263200029
74952213434
79032571310
79851228848
79852231416
79255094426
79035994092
79057403652
79637213937
79162070877
79260902257
79263305405
79175071927
79163229875
79777442717
74952300183
79017838147
74953833829
79166021567
79015170012
79857845852
79647271576
74991310595
79857665089
79164427747
79037500802
79250699412
79031713368
79057121712
74956888241
79169492712
79165007285
79031153633
79688487238
74953961752
79265856031
74996619509
79250857525
79636690370
79773770400
79688244002
79161867677
79689197663
79660901376
79060993580
79035049177
79261990561
74953992370
79263742234
79167544374
79151898674
79099541628
74956546857
79104028146
79260502094
79261155565
74959389041
79250979148
79161522114
79266675566
79969675548
79263113333
79295035272
79057716300
79055523195
79175773964
79269102133
79856318007
79104006776
74995013203
79295579715
74953932935
79269117427
79859150176
79160206596
79031727977
79253130930
79859594137
79629720238
79295535343
74957771967
79163264802
79030032373
74953955061
79035812225
74957858435
79859708549
79169030384
79265775059
79859203799
79263498862
79254178422
74954129044
79164040927
79265380729
79166543535
79262552211
79168312864
79647677000
79031736762
79262470766
79031353785
74959150237
79295023346
79104766805
74952234033
79169303031
74957119150
79031286977
79299043491
79096611726
79683796626
74991499155
79622775355
79263613106
79256660298
79175267272
79015597946
74956949530
79030121422
74958678272
79684030744
79851744162
79251440228
74953403160
79265253203
79851408401
79688318698
74954117171
79153067669
79055169373
79999705857
79773568464
74956403501
74956450160
74991791880
79539653929
74956782429
74957483033
79035287799
79253765597
79207479276
79856200543
79169370987
79067178305
79651460490
79629641006
74956188180
79166777549
79151367046
79032721742
79036780394
79680301426
79163839253
79031107705
79262095861
74992559953
74953406882
74991797929
74957880200
79169536686
79091539491
79163551887
79261722833
74959955333
79032580550
79165289926
79153380938
79168855133
79164255601
74953408425
79778711315
79153590370
79167476347
79264334341
74954214715
79162564618
74953802267
79165364332
79104889923
79850553134
79099723076
74822329428
79037902388
74953441363
79035728231
79161460842
79167406629
79036868653
79165597769
74956063467
79037534120
74952233332
79260924196
79162607774
74955653044
79104666477
79670943435
74953664872
79777571702
74993218000
79295789993
74991844724
79671719579
74991573410
79853075055
74957177594
79296276459
79057310007
79169626955
79163658563
74992481342
79670606808
79055123451
74997218083
79165525675
79778804939
74953527633
74956451555
79859674158
79160283534
79687628629
79037331223
79055359526
79152130707
79031118157
74953488184
79262863500
79859553951
79036236377
79162140410
74953516829
79104463077
79268799095
79685167920
79151275709
79160304860
79263170902
79030003246
74959354665
74991450244
79191059427
79055226129
74955492360
79035579000
79265380828
79163006011
79265017220
79687598482
79191033724
79161817424
79160742668
79636904944
74953427895
79163823538
79290040859
79859100019
79151884222
79096973388
79167865596
79057178801
79161788845
79776104044
79150006755
74997372438
79686257611
79038745604
79167972940
79265648213
79671167990
74997442666
79037901295
79295095441
79265506105
74953406430
79167780070
79262260705
74997417732
74992324387
79646407744
79151843448
79165021437
74957142250
79104671032
79645530909
79104295093
74952568909
79197617233
79262225568
79168466725
79150373030
79268435544
79162667399
79261607620
79160931792
74957036446
74953952872
79263007808
74959806339
79168278997
74957975665
74993722737
79031031115
79153901696
79263848006
74959521923
74953633381
79260331505
79161122230
79165562407
79152072848
79685334075
74953162332
74957440177
79162657715
74997962447
79163905318
79261129967
79165519064
79670849511
79261144071
74954211277
74956458405
79168479575
74952807271
79645846060
79296492981
74957138470
74953967626
79168333738
74954231460
79199615406
74957978664
79037526503
79057007172
79167153691
74953409294
74996788030
79854685947
74956587340
74957143818
79163220604
79033637637
79091539026
79096399362
79150131439
79267034288
79637624578
79099151819
79191029040
79166512981
74999433870
79161233391
79055536464
79686342027
79037799776
79163828168
79167788353
79264995701
79160077608
79160222816
74953144830
79260691020
79262210954
79263336080
79684803492
79778032044
74955886718
79661608106
74953542129
79651485554
79037731952
79169093393
79153886861
79031955324
74953428291
79168063773
74953959486
74953493596
79262333346
79055241702
79296033491
74953702671
74956904093
79262145353
79998473721
79857763702
79161270672
79151210660
79208333866
79166086367
79099094811
74956791247
79163705776
79166754288
74956790796
79150974707
74951959744
79684912693
79301226271
79153067056
79647741710
74953920205
79654237378
79164760017
79857835094
79163471171
74991324406
79853647466
79104337724
74953460698
79104468086
74953967212
79153274852
74956592423
79263730937
79160281383
79686641181
79663830011
74956586535
79651783090
79161637160
74996167589
79057133315
79067811315
79031884830
79168036271
79151252230
79060986547
79167321112
79253420070
79035362819
79096484243
79262641900
79169579922
79039783919
79260519692
79252144849
74993236151
79854130794
74992322328
79688888811
79160196084
79857433274
79166264602
74952291773
79253767162
79264962373
74953421894
79777147440
79262711959
74957041318
74992585705
79265298985
79099933932
79154876232
79104307234
79104003596
79162913399
74953295519
79161376296
79160858486
74953630093
79154888864
74953225190
79167119895
79036285923
79645045510
79164648230
74953955473
74954190176
79776118579
79653457588
74952230001
79162612234
79057908616
79268293436
79057005451
79854297011
79857243374
79035539660
79067838440
79161282738
79266910470
79040052442
79199607307
79777243996
79295713994
79055471430
79037543299
79162594688
79267242638
79060360256
79067186572
79167227064
79055123222
74953211617
79254355519
79645649716
74959564225
79269094166
79147063055
79167777238
79151444717
79851631280
79265565565
79680969244
79175392367
79036877128
79164974847
79091666688
79165903491
79116221534
74953267581
79166034708
79250763862
79661955230
74957148277
74953931406
79190151764
79161229433
79774460086
79255633612
79261781734
79167160761
79268110679
79154506006
74996382287
74957974222
74959559096
79265556648
74953946335
79660818888
79852991068
79647085209
79099058445
74996850035
79296061707
79646434000
79162124941
74953423277
79296391442
79651980903
74957705597
79629539666
79854669398
74953427184
79037171479
79265656711
74956171366
74957304999
74959564175
74813123087
79067356383
79652974315
74993462125
79166399911
74993576300
79152165218
79266312724
79164238338
74957378589
79036160530
74992452153
79160556668
79169134083
74992322920
79268670897
79253800890
79163363661
74952877657
74991899412
79268807136
79165055118
79256061136
79036158293
74957755505
79104017816
79857766755
79671267306
79035197894
79166223060
79036641446
74959621155
79166508800
79161754472
79035885641
74956329672
74956400458
79689514645
74954161642
79035020966
79687743837
79647829282
74997249912
74953520597
79037188282
74992322515
79772573738
79854597612
79161236931
79168220917
74953721371
79636739991
79653298208
79169670091
79168152525
79060478950
79096240003
79265805509
79168584213
74956773402
79261701487
79261779489
79998000101
79689239337
79164899899
79032724973
79166769103
79261117303
79660479997
79689436360
79261403227
79161322080
79031480853
79032887731
79099093994
79035646684
74952329183
79166754801
79663102901
79645249223
79104404454
79777378617
79151291364
79255060048
79152455492
74953493211
79265759371
79165179273
74953410649
79166630653
74959677550
79262659522
74999638058
79998139228
79268682240
74959952251
79104872234
79261898487
79517940594
79015782565
79685061425
79858173866
74957122181
79257007161
79687041869
79033294065
74956403015
79267027646
78126461728
74953199364
74957873336
79637119648
74953836249
79653025982
79266575345
74955406104
74955893101
79169102910
74957814209
79096346160
74959264970
74991731827
79687973464
79163046835
79057084593
79067122580
74995570470
79629351732
79096944849
74957923097
79162299211
74992373021
79175480585
79032025955
74958032030
79165360741
79161080141
74956580120
79262498660
79055537116
79037216765
79017964045
79263932172
79261005765
79253715838
74957719035
79295635080
74999236697
74956401771
79651457322
79269240595
79851005248
79035892838
74956474731
74953074804
79257109330
79167932897
79162975815
74953407722
79858207070
74953584643
79096236302
74953989056
79153307358
79057310575
79660244426
74959899164
79261716807
74953975646
79163249847
79262726835
79266254110
79269089588
79167009273
79267004637
79169119440
79127228947
79168186008
74954244246
79060341598
79268332226
79105862347
79266040402
79037216447
79161047013
79779688414
79055660656
79850585800
79299817719
74953992980
79104229589
74956588423
79166176162
79037977386
79175320725
79264816563
79686245247
79166094473
79263380455
79032819038
79636815776
74953442989
79262261810
79265517885
79261216369
79031506837
79164843535
79161777667
79264407723
79169598991
79032714311
79167218027
79647897311
79264257070
74953984415
79776612281
74997220098
79264412977
74991767622
79031056227
79166070915
79100009192
79067700082
79037648977
79853118010
79263274853
74956951462
79152001483
79265959708
74954695167
79253416384
79165509406
79160773557
79104332573
79055586465
79258094825
79151729504
74986573857
79267686812
79162279537
74957337663
79036631306
79264709455
79263685703
79057890148
79256124243
79778330400
79175236439
79266948400
79857279511
79776175192
79654042233
79167112813
79161361210
79151109070
79163566930
74997844770
74957877800
79255451493
74996665304
74953997908
79150150687
79167955678
79260782334
79856248024
74953460724
79264233175
79165501249
79645048613
79151907983
74991494574
79035394724
79266220104
79773392115
79250850545
79096808008
79687841288
79645816038
79166250127
79647908768
79264613740
79099089393
79263472798
79672263322
79035562628
79257286544
79168249492
74955114304
79857231110
74994761116
79773900645
74959588322
79199910627
79859648512
79652504827
79167383840
79771197586
74997253313
74953420939
74997826186
79685425091
79636438910
79167703224
79663284857
74957001952
79775762390
79036681362
79167980840
74953130652
79175421157
79188916483
79251159060
79046803978
74997253940
79165151000
79295975304
79262573726
79851127333
74959440112
79268406377
79057987519
79265550129
79652092032
79036260336
79606388078
79263943597
79651280923
79165086033
79250952590
79850343313
79166026528
79169329861
79671819627
79037406938
79039606967
79162456314
79166166130
79261900945
79776243384
79687751562
74956593638
79154705871
79031113478
74953474905
74953904492
79680590844
79263202065
79160839686
79261059494
79647906466
79269990492
79778131718
74997419422
79651035307
79161168528
79104292214
79104183746
79162375382
79099856921
79055142444
79629548803
79036382820
79859543259
79044922432
79269384808
79161776707
79165266507
74958670511
74953424444
79267144170
79047612036
79037877832
74992359278
79651487891
79032962249
79163883850
79778330500
79774131494
79263546415
79267506844
79036664167
79266746366
79039681795
79030174022
79031476753
79164374980
74997223777
74991750564
79152497779
79162603566
79645165801
79060364624
79030175796
74953355161
79152817184
79067722446
79260327086
79164934790
79775969501
79251491211
79102005025
79636864663
79104210710
79250019255
79031960113
79856400737
79099811990
79852646550
74953942370
79154960606
79031419988
79267008801
79268884541
79164388533
79191091444
74996191817
79264388353
74951957771
74953966353
79776173545
79163973317
74957082832
74953521207
79264124525
79166353505
79166042195
79688951015
79164164959
74959330571
79296787562
79687411774
79268258766
79859919383
79165000799
79999856701
79671985900
79261760744
79151438024
79686549800
79122000090
79032139412
79857666761
79851338783
79602130603
79299120956
79031096505
79031409080
74953391453
79852307941
79031555518
74953420235
79250047717
79991902033
79683990886
79253288637
79257057163
79104829381
79161651688
79268751819
74996167257
79857720145
79161157630
79169710963
79636767176
79268889233
79036111047
79250531863
79037247394
79775193446
74953250610
79265873212
74996106632
79032245068
74993232667
74953484717
79851335256
74953129896
79037003129
79067271113
79032273010
79165556295
79032245917
74957706290
79262475985
74997223319
79969658108
74956586686
79031959493
79162474702
79686489135
79652717192
74953475806
79265682402
79651666160
74953959470
79652207454
79257319519
79160054772
79263922466
79057051717
79032102060
79037459819
79151234353
79164413625
79854925062
79162185423
74957136369
79629991919
79167170404
79031898018
74954118592
79775220321
79268779249
79169556363
79037980994
79060483480
79023944249
79852140266
79167982179
79165774317
79165943242
79167927967
74953426776
79032890055
79777553963
79032146100
79636296092
74951954215
79151889842
79035642132
79162114798
79998243701
79265870014
79854924849
79039622699
79150224391
79096555194
74991598464
79647771488
74953404131
79166410685
74994313313
79163451253
79266030488
79637715784
79165906253
79265655633
79199695655
79151954858
79257082920
74953486397
79167401523
79263452533
79197772022
79104648706
79037665678
79262036420
79060895076
79777401474
79258899321
79267796000
74957078379
79105836401
74954335359
74956605164
79261547640
79161654027
79164572609
79037468745
73412246410
79169304184
79161960591
79175642094
79653742435
79154344990
79032761449
79269665429
79258971473
79687466004
79250057278
79250057352
74993481900
79773104712
74953052838
79299198743
74953406360
79856446100
74993567537
79096558545
74993246863
79099455533
79164518231
79264013538
79267761454
79250533149
79035903554
74994798426
79858214652
79261524306
79264933169
79774072517
79855244952
79261909385
74992624608
79152006262
79255145882
74953420083
79037246765
79267999343
74991790410
79851481791
74997251270
74997816185
74959255292
79161606786
79162458362
74995580993
79035718286
79163335761
79645948430
79636083060
79263750614
74956412894
79874124507
79160387749
79688070303
79031143366
79152830912
79150087501
79031771080
79645673158
79104284263
74956655600
74956656845
79636635225
79152185044
79035136931
74953416949
74957777526
74953929761
79686007335
79017721655
79267666644
79099193011
79154795097
79165076282
79165664742
79166001065
79296299731
79265193373
74999735422
79166087796
79651299009
79850672898
79671065553
79160158249
79031359054
74996168162
79690184470
79161081088
74967631543
74953954302
79265549937
79164749786
79104235460
74953992195
79651231022
79036156775
79162981501
79031597939
79261627270
79030036924
79104438296
79260951795
79037826956
74999762768
74954384536
79264666084
74996665293
79055146010
74953487740
79775323716
74991372810
74992544089
79260209767
74953901233
74967639338
79035551017
79035176292
74955413819
79588187510
79775386170
74953510272
74955414896
79037348566
79857393686
79654325819
79858949400
79104364252
74957211058
74957211059
79857631027
79037782568
79161797632
79060391460
79099772100
79161183028
79161172783
74954218297
79152218997
79263552601
79031906557
79999232331
79637105052
79262230156
79175348981
79154987121
79037347007
79162991214
74953862283
74955486030
79167307479
79154383550
79055025985
79859221127
79857665390
79647675064
74953421807
79299287454
79265804906
79851512246
79096494784
79261698955
79035233778
79165522645
74956796844
79636517086
74956410157
79209467338
79154684542
74953416324
74957820606
79163469651
79036118074
74997025296
79851809092
79267033562
79672615633
79152914761
79036624325
79689797202
79060906311
79688750044
79262381408
79263797829
74992712136
74956065834
74957345649
79268005112
79262355846
79037973252
79154764085
79680952377
79109448967
79778579608
79169318641
79163034906
79036782698
79857642386
79265999123
74957812085
79067122333
74953405653
74959330500
79256292330
79057742845
79152438107
79296613991
79057613964
79168545241
79166387796
79104384494
79055271120
79165870098
79163742160
79037357202
74992340552
74994490755
79255182161
74996530182
74995177624
79169783297
79250250225
79165887822
79255061447
79295145928
79258620682
79254018968
79104183232
79104177889
79852702662
79166855192
74956602442
79166815634
79653377532
79637507298
79104618961
74992383432
74955453786
79268109803
74957771100
74952584534
74954000019
79099485593
79262500045
79152109840
79035228762
79060551208
79091571811
79268224722
74991374503
79296018565
79266048763
74953155494
79269931893
74955429342
79162367161
79168610451
79035031737
79999639264
79030189884
74994002532
79672159298
79263009232
79265190682
79661412200
79055533722
74953961386
79660249596
79265494844
79163035716
79060465166
79645004080
79255174508
79262220096
79169126813
79267337239
74951204200
79266594443
79035703970
79162894022
79266765027
74951202328
74957143186
79854843020
79264507002
79267097046
74956592162
74996515755
79165202066
79160129678
79036269978
79772650015
79671332828
79030038952
79160994043
79684491244
79774180315
79035997275
79254001148
79036140189
79031063334
79032358071
79169239606
74967637835
74953987662
79037888366
79030064049
79036820351
79031641628
79267840062
79252000448
74955581669
79255675312
79255072203
79251018819
74953133380
79104651505
79680226298
74954858287
74997845604
79653516030
79854009026
79777209421
79160075700
79096803626
79099046684
79161791559
79037387453
74953407837
79199700847
79031499613
79281398139
79852563187
79153303751
79168840616
79263003333
79167111473
74953120736
79152868866
79651977706
79645550179
79099488850
79055372565
79859398770
79026760075
79296051222
79031977382
79037716858
79035849879
74953614629
79256643081
79152019141
79636960995
79161976911
79036195993
74232205510
79262652652
79037919576
74956637820
79257891088
79032466313
79296583224
79202314556
79262828299
79268864004
79853198409
74952581793
79160730447
74957194445
79295519967
79660242964
79031856686
79037503276
79261784722
79887111994
74953308819
79153883433
79255173929
74953893175
79261246334
74953450060
79671871997
79299124006
79686155610
74953990419
79104332361
74953422629
79175935496
74997033502
79268491288
74997440857
74953226069
74997830242
79037203732
74957483070
79588139644
79169173094
74997431104
79637550392
79299715375
79154654455
73512689268
79162218742
79851704813
79197841949
79851546169
74953984886
79774911910
79035267076
79262570761
79197748282
79164044574
79636350715
79265712808
79851298312
79165743240
79671794179
79164157090
74997552220
79163051211
79647908580
79164465591
74953049278
79262484912
79166154161
79165126613
74956682228
79164372020
79152789026
79629765535
79645883667
79296082782
79776993500
74957755062
79035110350
79854891051
79671925275
74994596674
79253238030
79151776113
79671723944
74953503125
79852684949
79163782947
79035051724
79265783940
79262948923
74996138735
79772598088
79164435726
79169593438
79152078843
79154555015
74997233084
79164398035
79060739473
79772810390
79859738580
79037121870
79653656823
79258094880
79031158024
79169410317
74953947438
79252224663
79258557848
74953404985
79037086361
79164236610
74956088343
79099027209
74991914387
79265376026
79623633659
79851161703
79031623264
74953967216
74986721237
79807128126
79160927627
79197707797
74953960146
79636397964
79859354734
79105410633
74953412722
74956319009
79269444138
74953426944
74991228395
79191046385
79252451625
79859226759
79637829409
74953402671
79854282369
74959887779
74953554380
79169600531
79164633763
79687502311
79266373188
79263932920
74999224909
79162028828
74956556286
74953404154
74997253604
79150886325
79269260678
79778077216
74958492243
74953223660
79265590871
74953892970
79778540696
79296406263
79151297161
79192687047
79265941176
79647650290
74953765638
74959377222
79688203939
79057701987
79671251555
79264803150
79258175429
79774775790
74952216526
74992549880
79623681546
79672990129
79166160215
79168051229
74957879991
74995196691
74959621767
79165080745
74994971960
79169301500
74953439980
79852516857
74953405580
74955056118
79263864728
79263747277
79629982636
74955000135
79150508939
79152014277
74997024426
74991108110
74992375522
79299417629
79164926077
74991247453
74953974479
79055654938
79151909377
79998008086
79057785574
79858946959
79652500616
79250011221
79037551215
74951330157
74953911862
74953429738
79653163277
79670946062
79687163912
74997440346
79032781351
79031431042
79161163192
79166705221
74953485097
74953511176
79104290706
74953277953
79151383030
74991694847
79165367600
74953632370
79672444370
79262121159
74953916203
79161300667
79164252971
79036810822
79265281765
74953196433
79151419459
74952874487
74957395039
79167542562
79163000398
79775355243
79253238056
79851146967
79639242335
79017965630
79261625905
79265572567
79055907700
79057890494
74953128256
79255678144
79164585595
79163913966
74953531516
74953424432
74953421937
79265386795
79852613463
79031043460
74991235867
79637648350
79067775063
79258524969
79153752956
74953400039
79168387358
79263883813
74986652689
74957701726
79680710166
79153014747
79255614340
79067835666
79257403325
79161567005
79037619102
79153711104
79161442377
74957556598
79035588378
74953470202
74956096874
79652884884
79057269428
74959266476
79161711809
79269483928
74953986340
79191058589
79035060327
79652142409
79267004377
79096401829
79652733392
79250900550
74953401179
79166818131
79166148989
79652643143
79263378976
79262353366
79164803935
74952870333
74953973343
74958674210
79858043855
79152542487
79267399093
79164557277
79645852620
79057510002
79263651851
79251534653
74952299028
79099735631
79160140737
74958679856
79859826050
79100131820
79032182449
74992486616
79629140097
74991783876
74953902459
79166581360
79255077191
74952258160
79037970706
79637271322
79037780404
79166411296
79265418114
79267199628
79999900989
79163668979
79015467406
79629664218
74876266923
74997411095
74957307081
74953424931
74997253268
79852922488
79036605577
79169296379
79859244400
79055958083
74959882508
74953417340
79164442908
79154438037
79853626206
79268208255
79175427472
79067883722
79251508565
79037550912
79055512677
79167158541
79852883338
74999400071
74956791532
79250445503
79168310847
79776791418
79250914320
79169735189
79096828888
79101574058
79653232437
79150441238
79778512268
79778609573
79250362922
79169257434
79037209012
79099154206
79264167056
79151003611
79266087040
79031727576
79165226397
79259383066
79031097529
79167852052
79099240397
79636435511
79684187817
74985055094
74955501799
74953401423
74953437830
79851195120
79109606088
74957031566
79165911867
79162435970
79688098303
79167164060
79671948021
79777271292
79161386024
74959164949
74959885388
79262264903
79167738873
74997533408
79197242565
79031668599
74957706736
79035784455
79772662406
74953413023
74994263724
79773538018
79689469878
79067965980
74997833129
79035441177
79167104690
74991415564
79687037818
74992010714
79610747141
79164510580
74992617083
79859829689
79263068384
79039612426
74953493714
79163670278
74967694796
79265634921
79263040155
79031828059
74997256525
79629373187
79057667275
79771245040
74997427582
79031942958
79262730811
79857125533
79295830341
79092133732
79166850111
79175001720
79035222450
79031755727
74953407240
74991714435
79263148493
74953625800
79154634830
79151871792
74967577200
79167091947
74957135480
74959548442
79166754523
79641474444
79152457956
79773417839
79169028403
79267986804
74957128147
79031858765
79153335713
79191021915
79152246492
79636415888
79999149928
74992558085
74991731846
79262557697
79853398008
74953505803
74953463436
79537267674
79037849921
74992320891
79688004456
79160695600
79629071147
74991929975
74953268116
79099975159
74953477463
79264306898
74959599043
74999031112
74991794937
79660906271
79672291404
79168537143
79265217791
79776173474
79099470906
79035148287
74989175580
79099313060
79166310914
79254880322
74992323695
74956031936
79099958844
79266812101
79646361000
79859357464
79262322623
79032486317
79153554388
74953215741
79651707148
79997101331
79266202660
79057082292
79037311951
74986573066
79268275167
79255180818
79299879999
79663860008
79024745543
79035159294
79639983251
79267028052
79162198200
79614362701
79168348052
79266056393
74953416521
79153952395
79852467648
79031285381
79252617158
74993208274
74999732448
79680282768
79055758287
79671982212
79263594043
79257374636
79169923259
79165529512
74953371891
79254461394
74956608140
79165651925
79260550255
79175023105
79771439772
79819716203
79167828233
79055731898
79262691866
74991755281
74954200195
79855510041
79859687724
79250545328
79163812739
79165151135
79165115896
79257647909
79035176335
79031095534
79265474727
79161832274
79165569994
79999645480
79851753150
79031232505
79630328237
74953479603
79257297923
79031003832
74991756773
79253504105
79154600116
79032115513
79023331134
79017905195
79167779901
79268634727
79260271026
79266274798
79051117637
79031365483
79190350933
79162043779
79150560526
79000118733
79162606471
79037929600
74957125730
79168222131
74992340626
79161225894
79165574642
79163656556
74991992983
79264529843
79162426639
74991207153
79652399222
79161011139
74957125946
79252236945
79265578298
79773020925
79163853255
79167080080
79776039700
79687336582
79165354367
79169233478
74997225039
79150067012
79779701848
79253268050
79036168690
79851838790
79854412271
79057382025
74955196125
74957122515
79057023923
79152898647
74991581387
74953448509
79067106030
79262748354
79197732029
79645728684
79166640990
79154143835
79165586413
79100048284
74957362853
79163434273
79199957365
79167827802
79266674777
79037711925
79166524502
79851254734
79256170002
79689410146
74953404285
79263651507
74955422045
74953319708
79859354425
79166775958
79629027452
74953498513
74991713447
79067830323
79251880415
79161487347
79164177395
79629990388
79651469979
74992321406
79660856303
79169750859
79684313011
79091628092
74996184845
79663164043
79672440151
79263982330
79859996192
79636232513
79036751122
79037218164
79778091559
79632490000
79253438335
79031603841
74997860360
79264143300
74957507418
74996189842
79154851375
74953418980
79152331365
79067489347
79161039504
79299010912
74996169007
79037960290
79032174054
79162113479
74953421421
79055757070
79688021742
79099664134
79129439746
79264675696
79039628248
74956232896
74957136182
79250443087
79152854253
79154776677
79775472252
79161316300
79251279287
79031359163
79771722834
79165276279
74997419124
79067367451
79017464410
74953977789
79670933000
79168008386
79263238689
74959185227
74959549041
79057631003
79263341445
79035446430
74967695578
79202272937
79645380140
79774572560
79191091818
79265033597
79258488190
79100017875
79688433373
79852487641
74955492382
79166586445
79660020089
74957188888
79852208181
79037970449
74953918563
79099838273
79035677949
79161923350
79166893888
79852226577
79774439203
74954953552
79031363168
74959212160
79162782251
79777140763
79169733972
79686814227
79154002573
79151001033
79857171578
74954692211
74956549185
79268474600
74985782652
79859988991
79257557804
74953995518
79166351897
74953121000
79251001041
74959503851
74997025295
74959746016
79164437307
74953492083
79104714700
74952807912
79154139022
74967573681
74952215320
74999244397
79772900409
79857277586
79166961803
74957888938
79265312803
79253918020
74957118480
74951034812
74995000005
74987670267
79165005111
79265644419
79165156888
74952867484
74953411928
79104067865
74953532189
74952491162
79060410916
79652399099
79055122112
79169608828
79772896473
79774643435
79031083376
74996089270
79037681152
79778581624
74957858301
74953912357
79161833531
74842566582
79036687896
79859825280
79647111899
79032014081
74997462000
74956551070
74993562640
79165144523
79167797470
74996784220
74956722952
79164449772
79104533678
79197742060
74952494111
79162798853
79856001420
79637110461
74953512808
79226271077
79163429367
79036871232
79165697754
79161724622
74955805697
79859581482
79175111702
79067924450
79252020079
79854484007
74954191541
79252056411
79032514861
79037231817
74959537108
79207922572
79262908495
74953999292
79269298587
74999638343
79261447574
79250041878
74953407324
79255830183
74957219900
74991231350
79779029189
79778755325
74953211629
79150219860
79854643030
79645642379
79030167463
79165005401
74953974368
74989175452
79264452937
79672314081
74953936906
79039696011
74967524687
79037229326
79854768895
79165833029
79771337167
74953925025
79167004098
79250271127
79262493110
74957808473
79261531032
79096653311
74953979375
79645059400
79163767180
79161446308
79259256700
79162147098
79197705537
79153338457
79037086807
79267082029
79265971253
79096455213
79037766865
74996517641
79670542459
74956165227
79854227441
79035920737
79036737587
74989177342
79067981313
74956243957
79031272362
74957312669
74999753946
79031367393
79853081629
79265395110
79104373150
74957342575
79778696326
79260257715
74958170636
74953460065
79104228224
79057399859
79854540101
79164677763
74953419450
79654312469
79031744055
79264747723
74954604254
79168609323
74959212110
79037828081
79161553744
74954437383
74957059090
79055262274
79154583517
79636371120
79252010125
79166047611
74997443373
79057872669
74959560156
79030037793
79250298596
79262603049
79037367896
79851642200
79267059506
74957923232
79057256325
79165525979
74954152011
74957854100
79267521979
79191053666
79066620868
79035105155
79175570040
79852766995
79647049556
79645527040
79151184956
79166642488
79299285620
74952345750
79096357330
74957378600
74991726975
79031674435
79037648062
79031297079
79266246752
79067865653
79257315191
79851837927
79852539629
79251987520
79035600283
74953415982
79067360478
79168154257
79269361415
79168613146
79031319303
79686586567
79037829452
79774917114
74957950099
79683976229
79161666576
79104482743
74959168900
79169819275
79163391521
79175173285
79261794135
74956943868
74992340804
79161183604
79262173070
79057526757
79161871775
74991512477
74953421596
74956637486
79154818081
79175920542
79776615720
79265385634
79035531699
79255063454
79269860000
79261839688
79036437722
79037296062
79261118942
79152426434
79031557090
74954262596
79857736296
79779445742
79067742677
79778994066
74953770061
79778257534
79651797422
79859042770
74997412438
79197791761
79055566056
79269155995
79033630641
74953931052
79853522895
79037966830
79165727445
74952216103
79267677162
79032611028
79165977830
79671678585
74997233491
79032216423
79629249178
79091537720
79629985131
79039700533
79169017000
79037488828
79859755707
74993572904
79160977342
79646480252
79162065257
79265270707
79105157070
79175768595
79161868470
74956417588
74956904076
79268030419
74957850309
74959889860
74952761073
79164018782
74953621900
79672934588
79997120535
79197773272
79294038956
79265856151
79057552999
79636337948
79683263534
79066210008
74953228679
79856637861
74992008554
74996144702
74956677155
74992614436
79036291862
79067703672
79651179087
74951250890
79104163808
79168074260
79055001005
74953424920
79161105225
79260551772
79104012827
79165599350
79636812148
79998228698
79689400787
79165795779
79169111712
79774463910
79257502680
79057039804
79260519440
74957778200
74954658500
74957872178
74991250127
74952762535
74997428779
79096520465
79162136637
79258673588
79647717159
79684048002
79055388660
74967659849
79032081625
79099874435
79265783237
79651850801
74956796272
74957271642
79255049362
79636090088
79163453782
79164198060
79057334788
79260546587
74957750102
79266607100
79037200071
74991336336
79295550330
79778306965
79031648559
79150402777
74953927986
79165089231
79153420885
79263025850
79091627578
74953533939
79687396398
74997052033
74957020789
79067360305
74992324924
79151486080
79261675858
74957252724
79151473262
79859225501
79859229243
79268383124
79772654066
79165594722
79031997824
79154244145
74992428671
79057500025
79169951101
79037296659
79104056476
79857708968
79104285086
79296610308
79057710107
79266170979
79164321952
79267088657
79167995466
79164760314
79857227179
79645062878
79165094603
79175576921
74993578434
79652761515
79857725917
79774961404
79162012920
79260223022
74953293097
79260516798
74953537682
79031604592
79778501983
79654273554
79688404959
74991385091
79152560073
79037551805
79152217011
79168009925
74953401194
79099419107
79160944854
79257250595
74956559444
79175558968
79652617434
79164136964
79267022978
79037188363
79164902440
74953425697
79152839935
74953959092
79645131507
79037388735
79999182497
79254239778
79104017966
79017494221
74956355621
74999752750
79255281508
79252424697
79161279376
79104355878
79163694849
79254834018
79858634334
79161327053
74991327740
79265243914
79168218857
79031319202
74953215698
74993204836
79060331761
79166310469
79163056509
74996170680
79096234154
79262792409
74957755061
79167051398
79652485831
79858888117
74991911018
79032035223
74959804199
74959650159
79032091636
79261739570
79104511121
79251253929
79265413615
79250046481
79037124819
79778035315
79166562492
79030057619
79166958935
79166471709
79165877555
74951950428
79169979435
79261881404
79162403986
79261506201
79175321513
79160885662
74953955320
74959657092
74953982047
79161659907
79164169460
79099979715
74957812233
79162709443
79263498640
79856177117
74993243127
79264916550
79163458225
74957126779
74957758770
79265392180
79672371166
79162369236
79151497672
79267560619
79169639423
74986467695
79031504449
79035348619
74956152341
79032286309
79104731341
79055590025
79261222841
74992112436
79166801633
79636367639
79269130068
79265562680
79262315106
79037289925
79671278489
79687289007
79154794497
79031093289
79031250160
79251145070
74997253381
79851169209
79031566260
79175299280
79169646411
74953938397
74953455078
74953550651
79687844591
79035617880
79104013137
79166609259
74951059122
79269806353
79636089985
79165539711
79031937475
79031887417
79261191970
74993207993
79015960048
79645200135
79037998877
79055583338
79629638601
74951390909
74953280271
79258885502
79264101589
74956987289
79031431544
79264501902
79859111370
79056376482
79163837659
74991386492
79030198030
79260015385
74959950969
79266558993
79164263296
79035777484
74957169855
79036735224
74959812833
79269525835
79168148015
79295979741
79652265562
79197779784
79161973500
74959371618
74951343536
79166296880
79639783749
79255172365
79778308106
79688088972
79653373387
79166743961
74953155238
74953407104
79266195343
79165180911
79857661024
79096534306
79775132380
74954039290
79254508166
79104664237
79167512826
79151604355
79069504400
79160651461
74953897883
79165750512
79031902730
79263204421
79264119049
79268827802
79167890362
79164644426
79161057321
79166551643
79166783360
79260993742
74953580201
79268686757
79039610862
79250305110
74953423655
79680306072
79853381402
79096453004
79166113210
79776978813
79629903333
79169927076
79057223210
79163712660
79671414028
79163333580
79260305001
74953774422
74991159682
74953415782
79257545108
79772912478
79036786484
79268355608
79154553723
79852794939
79031571659
74996788263
79266809370
79647121832
79154158641
79686690120
79163568731
79035531996
79646404684
74993567749
74953532492
79263611793
79636629254
79858118434
79652881444
79035273200
79055073086
74953913841
79166837638
79039755848
79645304117
79261646868
79263177420
79251375101
79661177231
79032778149
79067928585
74953593142
79104190241
79772614656
79035370359
74953411429
74953428108
79067508204
79778231805
74992005764
79030094567
79151976373
79169617875
79060328294
79776032406
79161596704
79252404248
79684898308
74953403931
79265943235
79169597922
79255683534
79262357914
79295578819
79168082065
79250020313
79999635027
79688313358
79251774420
74991348190
79645110877
79037415764
79257356979
79851369183
79652180460
79263837013
74953910304
79057161472
79636547787
79261463600
79255108565
74954444656
79654041134
74953411078
79251549954
79268366197
74953444501
79851585455
79035709142
79852696029
79039664885
74986987839
79055879077
79031656040
74993230102
74959120817
79654438981
79167156666
74951203604
79199978888
79163784181
79150642600
74991474430
79295824073
79035167564
79037657308
79165386520
79168190768
79166172757
79296774488
79164033878
79104435894
79653071729
79636588864
74951955296
74957166758
79252620028
74953963640
79035888547
79165495805
79629220332
79169989589
79859242272
74993174340
79264642771
79152721995
79777235637
79037526346
79163075349
79265813090
74991209806
79199692583
79067553399
79175201373
78126007062
74991450883
79161474614
79263413366
74992490616
79637165050
79777317522
79856910234
79037242993
79251302403
74955556832
79037596722
79032420751
79032779777
79032939533
79629377544
79165469722
79032667151
79163500045
79257716800
74996199964
79169910478
74996161889
79260012354
79032058784
79099577711
79260705932
74999080584
79099862182
74957179901
79652593433
74956797469
79266592727
74991325408
79268282809
79269246460
79175598395
74957799156
74992034345
79646344415
79268032564
79261059616
79258887008
79057763191
79169352507
79775001093
79263492756
79151031060
74956727837
79269459288
79776340910
79688138623
79267611272
79162443118
79299289661
79257097710
79686450339
79153639493
79261606867
79162710150
74957169314
79296059536
79999728422
79037928416
79163379060
79031018117
79067432081
79663684441
79015190520
74991685645
79161509327
74956720894
79165548326
79152231491
79036882945
79039701262
79152214667
79163076698
74957112585
74953401687
79262772408
79165270331
79296040183
79035997715
79035872334
74954172454
79257715257
79151307316
74992324710
79505943343
79268116513
74997221981
74991155157
74955568337
79263959744
79773675097
79055442496
74957856333
74957132643
74957164524
79299518560
79104123251
79687947679
79104549814
74957129508
79636399519
79017596388
79645668630
79154776871
79637755782
79169140169
79771697259
79167071426
79250821088
74953975314
79299894412
79645206698
74997234198
79853490297
79263542935
79269051316
74957102289
79629137909
79035843094
79853583013
79250216669
74953426561
79629140572
79853021755
79031753595
79629073333
79647720022
79858144163
79257825078
74953521501
74996131557
79263596649
79099634151
74953434172
79251739348
74953404689
79264017050
79261130774
79154187655
79636107154
79036701029
79263423790
79167130867
79607053785
79258445253
79661662387
79037455555
79265912112
79166713485
79651555102
79661127208
79645564876
79036145790
79651975519
79175150875
79032744416
79096760605
79039681570
79066435659
74997254473
79168140751
79067855106
79295545371
79152658320
74997530307
74954336079
79037224561
79296685200
79037924344
74957700649
79104920132
74959135750
79161339948
79150001649
79167210615
79091656393
79859975091
74957880007
74957973201
79067130735
74956131014
79162009717
79661864595
74996182775
79773300559
74992621737
79031638570
74993201263
79099762304
74953459214
79057571082
74953420489
79154563576
79036120285
74956755262
74997254440
74957306301
79162034870
79165858958
79036669265
74956738172
79269710360
74958675305
74953934509
79296573890
79254277080
79166853698
79254757810
79258284189
79154207261
79163218324
74953132496
79037792194
74959650584
79037355979
79261474634
79671161023
79104131515
79646482959
74959409174
74959536417
79055010981
74959870101
79165141119
79688179220
74953223715
79060345022
79266389863
79055248855
79039700444
79152483603
74959603161
79031660944
74957176480
74875163248
79209087338
79162310637
74953405602
74959561973
79161716702
79167322233
79162778720
79621751571
79150785968
79168883330
79773423862
79267997114
79168884777
79257517157
74992322587
74953413533
74994263729
79161910481
79152445066
79661946312
74996169307
79031029590
74993248720
74997500300
79048780911
79654265838
79856125824
79055767887
79775681602
79852201120
79263402052
79269882638
79065090787
74953426945
79166562131
79257941315
79854840034
74996185853
79096834179
79267767678
79851288583
79261478771
79654341801
79857622298
79037123558
79099369425
79163310016
79037601716
79154142978
79032232105
79091528455
74992344390
74953427314
79859637008
79167313663
79037218702
79060741302
79778788744
79778788544
79265539947
79031965200
79859236726
79162590473
79109619028
79857874195
74996526000
79161785984
79647209010
79199697002
79778298747
79773267087
79060523937
74952803442
79035485269
74959179272
79263671645
79689734737
79660600088
79858264905
79167421784
74991790681
79091508071
74953356408
74957018465
79162411371
79164335556
74993735574
74999096278
74999404380
79163301094
74993691698
79150078684
74953420858
79037971460
79778623190
79169555577
79166431488
74953264154
74959944949
79035283855
74956250495
79660062244
79851385060
74954425122
74997851239
79852513536
79166848295
74953400948
74996109696
79853617055
79160412159
79671159889
79262255526
79252749236
79680761296
79100003828
79263178713
79257721537
79266340174
74959304598
79035298055
74956881620
74996851975
79104739803
79778332553
79262246506
74956603578
74956417550
79265289271
79998426277
79104540674
79175560570
74953827767
79264055758
74953437321
79262776784
79030057754
74956190773
79168535434
74995004927
74953930790
79161102363
79689315393
79265284698
79263775988
79067804912
79259060521
79852020123
79055235133
74955338300
79166357108
79629211005
74953408491
74954829040
79099711625
74956458324
79265268430
74999409930
79060272505
79166936813
79851752048
79853418687
79060547123
79295988554
79175038880
79777997107
79266389838
79160714044
79688963693
79263622300
79672571585
79684656858
74956775080
74957822529
79119592459
79855140631
74958672452
79104567403
74993575849
79039769627
79037984350
79104384366
79652951717
79037932580
79159192823
79169299100
79263372998
79138122678
79039603889
79269900549
79166049808
79153111111
79268726536
79161422115
74994929053
79252378607
74997370487
79168896143
79256324393
79653888960
79169623064
79672355671
79167151386
74953181185
79261892454
79266224348
79857293600
79252992809
79168220221
79670337969
74991731393
74953402684
79166171647
74997423633
74967556246
79652793831
79661899354
74995177668
79175056376
79777148178
79163405620
74997240876
79032890190
79266705346
79109120000
79652922643
79161096090
79255215981
74955439115
79057787782
79166642400
79085894556
74953413798
74993220761
74953099037
79267776710
79037269966
74953992208
79169178484
79649989091
74967555202
74952320911
79998537323
74959559775
79636818550
74953486325
79265643393
79031831441
79296059262
79163378763
79160410223
79266613242
79162049684
74956477951
79852770413
79166806989
79099241609
79037988172
79854137037
79687925570
74992323548
79295186551
79099402667
79686072403
74956912789
79165699668
74955648862
79163189878
74953420897
74994260607
74991443897
74954241410
74999293262
74996780882
74993222511
79035651145
79164252882
74983085138
74957141809
74959381101
79165010870
74953994348
74953516340
79266844099
79262652075
74959170596
74955929639
79166412003
79055805504
79032803884
79163165325
79035585755
79152162109
79109400497
74952595201
79032836602
74953633525
79169171441
79262260465
79824130138
79163645601
74953765995
79031611615
74956790241
79652980176
79266652513
79651074002
79163192024
79854131346
79167104203
79163803014
74953479590
79168303221
79067077030
74952281596
79104009922
74997590075
79096705592
74951501701
79104801004
74954235897
79104122533
74992620420
74992425642
79262480623
79067193651
79267885000
79151281509
79168442472
79854383943
79778140998
79037859479
79162515049
74959517222
74991785185
79037493128
74953439118
79160564573
79168500311
79254595819
79295525053
79175335427
79683288811
79653476058
79067027474
74953420925
79778187975
79671505060
79251281098
79165181825
79096332622
79175984530
79037970060
74993563788
79857121225
79647102262
79771017721
79031107541
79690766844
79261173968
79853660042
74953122325
79296333010
79647971289
79037372314
79776766702
79647777059
79161292209
79858791430
79773117639
79654109685
79672727979
79165566230
79295660004
79164896494
79104805766
79099980065
74953429391
74957877864
79652532562
74953492574
79856876678
79299111529
79031845275
74956999279
79067936515
79253783141
79262132266
79264636477
79150684056
79685724104
79263791166
79857660307
74953423327
74953982782
74956518404
79856457073
79151116766
79165691154
79255447240
74992325628
79852682163
79261316078
78499922892
79035309368
79647061680
79772628515
74959141690
79262280101
74991210153
79055021603
79684557000
79859554358
79168139095
79267016190
79251431247
74953405122
79037241008
79035985170
79037721666
74957121443
79168318286
79261480013
79154909750
79268453157
74952876364
79856441757
79161652659
74953405302
79296661688
79268860535
79853663866
79255079881
74953960491
79163811740
74994634883
79099352657
74995860366
79169515566
79096866927
79680432200
79653821899
79255062344
79251259733
74959150712
79166868662
79057078627
79165057842
79165922668
79163295886
79670254204
74957875405
79263060292
74955497520
79852912921
74959150851
79259251920
79037785894
79037109999
74953426292
79269764203
79686932731
79164869423
79266938143
79600050452
79161026508
79104193749
79153411071
74997426249
79032855469
79168739242
79032683226
79859829123
79163935096
79267165159
79035134838
79263261659
74953975784
79851616698
74991730277
79854219757
79680554509
79035147798
79055975245
79152308933
74953465482
79153304820
79175412193
79263493090
74951505558
79168104749
79096428418
79671151777
79996545422
74959928344
79250013851
79255181518
74958670012
79265942417
79261496999
79852124191
74953009579
79773438474
79160545646
79255890976
79168475271
74957032579
74992320118
74953214307
79160511239
79265515458
74997431907
74955514327
74952589790
79032717789
79253900188
74997946185
79167777274
79653113090
79774391448
79261003354
74951344739
79652994920
74952411738
79175589928
79269499277
79852609949
74953532679
74957452600
79773460988
79299280407
79603431485
74954910378
79295251944
79647605991
79166382237
74951333929
79653863824
79032038405
74954678218
74955103120
79164176212
74953378854
79255725036
74999400836
79268881735
79265787928
79037747207
79032628866
79685600375
79296307115
79165485878
79092507060
79854131556
79778646914
79265714620
79852883663
74992731717
74999207818
79099257372
79169345057
79169662581
79636645176
79099797782
74957059401
79104078620
74953486903
79684338969
79037585369
79262073717
79255246678
79167263209
79256645474
79851151312
74996156006
74959319930
79260200866
79855112933
79151450781
79268464813
79175781049
79859999469
79262537807
79859905549
79267898252
79263977516
79851780800
74952666472
79854191817
79262371634
79175956560
79162687515
79167410242
79261715236
79266976646
79167394560
74953984335
79859552896
79859884151
74953378585
79162606040
74992321071
79853167232
79167830686
79037232932
79166383610
79623510574
79160651467
74992645619
79670743900
79154555375
79164476208
79166808432
79858468110
79267797852
79645222889
74992343221
79169178238
79252330870
79031233683
79661708878
74996195793
74997946366
74956581531
74957028647
74955492882
79161063940
74989178187
79645621526
79039643604
79166799190
74953404284
74953476949
79852492732
79099003637
74951060495
79771625109
79057060755
74955925137
79257248403
79256422362
74993174416
74957113263
79164313680
79035974559
79163171408
74953984219
79032126521
79687420930
79197775860
79152105579
79268153424
79067858759
79160422702
79671733313
79104133333
79776903269
74953948141
79991131501
79104542217
79169232317
79683533091
79167772289
79268448896
79260704848
79686359034
79035656394
79104513652
79852456975
79261982524
79030135805
74951186527
74991268935
79052575420
74991791735
79161260666
79261998014
79036649479
79031748555
74959588417
79099071811
79166942389
79197712370
74992322057
79031262650
79268160860
74957178781
79057012889
79661759925
79057375406
79254645658
79268881161
79774785372
79261818364
79999691604
79055653718
79161741708
74953332471
74953954972
74953295336
74992320503
79672311221
74953934446
79263956622
74956704989
79037488088
79031998061
79256253514
79035492667
79653416280
79859794578
79175152577
79035280978
79031078217
79261604441
79629477166
79851537509
79030123513
79030084853
79162171946
74991265256
79168412156
79150875157
79162406859
79104073031
79031520021
79057528951
79260195886
79099539933
74959806291
79266859025
79264284257
74953553751
74953407714
79037858025
79150475030
79160727076
74956540910
79265396326
79057957308
79055341332
79268635191
79267017406
79035353898
74997904746
79258252067
79218490458
74953421801
79778334965
79859867038
79055778107
79297881925
79168600413
79161562445
79652590005
79160899182
79255049112
79060360661
79168695321
79264927659
79686083958
79169108214
79261228283
79104475856
79037707226
79687701099
79152955475
74967555377
79265651168
79166402454
79687055882
79647238140
79262356445
79104138300
79207569118
79151259824
79162208704
79777530623
79255094126
79162563877
79256460063
79165987921
79161286631
74992320546
74953192975
79036123441
74953885167
79031690118
79037630267
79032011611
79150454285
79153767058
79645967470
79032378335
79267991521
74992324517
79150643565
79057423052
79031375653
79257993555
79153715834
79647052932
79096278804
79160962565
74953424030
79856369660
79152682801
79295415403
79161095639
79031247360
74997218589
74953993668
79039685324
79262107016
79263009021
79153027515
79261444016
79651101705
79251811707
79852171897
79153741460
79104645652
79150252323
79032523399
79637568921
79039681357
79263983824
79689159562
79859297570
79031634033
74953978618
79653873727
79161243950
74953979290
79035977794
79778306966
74957534649
79162382418
79035640011
79164525656
79264000600
79162638118
79299926703
79299899299
79266700905
74953424680
74953951471
79260293324
79165313667
79037474663
79854185081
74996145881
79161871548
79175023486
79651156000
79060482777
79852028692
79169268751
79671401111
79269875252
79039606240
79057636833
79854451180
79166550871
79167409312
79686275537
74953557710
74992130281
79150121256
79150407262
79163808035
74956456601
74967953999
74953474228
79166925836
79689797138
79857763630
79175990237
74952560088
79267275418
79778057907
79165407059
79255073600
79268217713
79265774673
79166613247
79166055207
74957975600
79031476580
79162200657
79161940977
79852448705
74959678050
79857745704
79858949467
79689683365
79175214774
79104422920
79670329464
74959501962
79037796081
79266194286
74956648981
74956203245
74996118104
79060397700
79778044662
79262668329
79175699958
79037788354
79654174250
74992322939
79167007809
79261318472
79031610390
74956940372
74952690031
79037270011
79150368545
79164673743
79153889627
74953582083
79854910891
79037339108
79269183763
74997024287
79266888373
74953639350
79851579914
79775750276
79151901859
74997832369
74952369969
74953968543
74953414658
74956462788
74953512157
79995996826
79161336068
79032939941
74954096369
79124364179
79153473488
79636751034
79099251945
74952290161
79155901791
79295002122
79266429709
79262115255
79035494618
79251557488
74953554323
79169989923
79687956809
74953413971
79036744452
79265746123
79096381212
79165030312
74997434219
79162737605
79652172872
74953429896
79166744029
79035345500
79263055223
74959549082
79152588944
79197686880
79037158578
79685610100
79168414410
79853903040
74953501342
79266926122
79031055722
74953980582
79150991054
74997253329
74953504173
74993568728
74959742274
79037898078
74991238668
79067282193
79031508854
79262104021
74992110375
79778309533
74956757210
79164813286
79260597696
79161055331
79169002522
79053438778
79165366711
79037717583
79161468968
79859995324
79031409492
74953963227
74953463326
74959322697
74953748002
74997976005
79213620590
74956542241
74957830247
79032242842
74957319937
74956400813
74992705886
74953978151
79687222221
79165941388
79637701875
79165689548
79152494755
79161203238
79300564160
79639683990
79057298373
74959817094
74996810515
79261128906
74956525501
74959531401
79773638718
74872711525
79153990103
79057061523
79680445931
79175833206
79629173332
79262557585
74957126304
79265982514
79652918864
79261358918
79151163739
74997024403
79060355651
79031597561
79175602720
79250933008
79037481251
79067761171
79151434466
79035397059
79175819180
79221753865
79060853792
74955494262
79031758817
79099660336
79037770160
74953141322
74991429385
79268889197
79999669802
79168460158
74956454446
74958173000
79272258839
79629455131
79151012070
74959635681
79252086900
74997025297
79104473281
79254518768
79670687117
79163266424
74997375283
79296741334
79687604387
79264302547
79629828578
74992499730
74951525113
79035680804
79260683359
74953879254
79032923288
79265759523
79055854742
79163100346
79037348713
79154962141
74955450045
79197270262
74955481389
74993561819
79166005241
79055487738
74953519765
79261947701
79167096365
79036233559
79663870387
79251507405
79168868696
79296599329
79166285199
79254772384
74956272400
74991330675
79854136095
79096614741
74957367180
79035337922
79151404336
79969703968
79672499291
79036282202
79166823711
79060932454
79859588218
74953409112
74953995953
79031103588
79639786005
79161755881
79645822989
79153700471
74953420197
79169354459
74996168576
74957172811
74953981059
74953428116
79851505580
79261537782
