79032847239
79776175192
79032215403
79032605407
79104592604
79166283350
74954943167
79164383333
79168727632
79168886275
79647667951
79636483324
79670905199
79166754523
79031996537
74953457594
79060312943
74953401647
79164115884
79637128961
79654237378
79166886571
79652920757
74953410490
79152854253
79165569506
74956171366
79773489929
79031797753
74957452600
79296774488
74999998000
74953214992
79262641900
79255173251
79166640990
79165519064
79163343304
74999404220
74991631878
74956407718
74993577850
79652947711
79169608354
79161468968
79687164455
79169353398
79636554167
79035048915
74956952643
79151879847
74952236005
79266392550
74999056314
74953421668
79263280294
74996171464
74956808256
79032189960
79166552771
79167226945
79035470297
78127026898
79060741302
79268453157
74991877393
79263367001
79262332855
79163854714
79646383121
79031497314
79670329464
79857622298
79166753488
79772821065
74957999160
74957874200
79163090042
79261524306
74953410914
79689686164
79169957555
74957755062
74956656845
79653405842
74953985447
79636479118
74957146943
79851460639
79261522123
74993570784
79153307358
79160281383
79263758788
79773832125
79169049407
74992340310
74986579356
79687651517
79096208966
74959376170
79263307520
79150544042
79165624858
79060439219
79263273733
74956631250
79165659437
74954125030
79192687047
74955648833
79055554303
79687636878
79857670211
79852548066
79778035315
79057431927
79161480030
79160138533
79163964731
79164312762
74953959267
79017562725
74953457871
79266194286
79675234937
79167282862
74957287780
79252409959
79031083376
79850700739
74999037897
79778765120
79263157353
79161141565
74958007787
74997225476
79036198762
79854100076
79164716028
79263401170
74953747418
74952234667
74953419047
79037703712
74956237349
79036780874
74991250828
74953227260
79104939342
74953412453
79035096087
79152848748
74954340097
79031645170
74992421419
74957345800
79151393935
74953145060
79199705842
74956616500
79268326002
79166545087
74997406569
74997833129
74953213183
79654444466
79266656204
79266580898
74953473431
79169181058
79166316194
74956926714
79268782206
79032101603
79852640240
79031282214
79258956843
79037979752
79264347070
79160831450
79169358329
74956541377
79262383506
79163827496
79850945868
79251557488
79165366711
79163686227
79265775059
79035470313
79150603892
79067077768
79037557618
79260830055
79031855445
79031036126
79161607406
79269102133
79258092054
79031438829
74953990419
79165579108
79773364711
79854148904
79161368768
79031802101
74953406021
79154922466
79653320055
79169682688
79167484878
79165859144
79162250448
74996770185
79166776094
79153201080
79859561285
79268852333
79168190768
79256359067
79035221618
74956118298
79032191666
74959331212
74991374503
79267980121
74953483912
79031310465
79165468739
74993710568
79160077608
79104442203
74997436633
79652546413
79776100779
79099299285
74957592143
79057342119
79169245284
79169111165
74957133449
79104455891
74957052578
79688963693
79096406553
74959565555
79169990280
79646203334
79637264479
74996535307
79066296761
79057517990
79657016415
79199990804
79637773953
79035974559
79037603444
79152007442
74967542183
74953960491
74997234198
74992320007
79629095250
79859569203
79167039835
79037444803
79265262183
79172267070
74992724038
74957394291
79537353385
79652265446
79258299623
79161077317
74959743052
74951346161
74957532010
79629291874
79151007318
74953446387
74953420487
79999614535
79854242043
79265733071
79998785491
74956582003
79250912108
74996087807
74991997832
79262674435
79295535343
74953443655
79037731952
79252578966
79161597122
74952872484
79153000433
79035646216
79775706061
74986021966
79263941465
79269802876
79150373030
74953416688
79031214490
74953495251
79175203407
79250874637
79169044573
79067927573
79858458822
79161659907
79037822330
79036605577
79644378243
79152721995
79162798853
79166825035
79269201313
74952328775
79670328237
79057536707
79032614404
79267966476
74957059401
79169544202
79636317889
79164247702
74956474847
74952580500
79265982514
74953911030
79250911979
79163576577
79153628806
79264707397
79998054811
79852825507
79663870387
74953920111
79263503891
79998406930
79031732188
74952210773
74997046835
74957799082
79779763919
79037551215
79036737865
79036848998
79104294695
79260951795
74954219964
79162625749
74955519526
79035990693
79263757215
79039681965
79772577600
79160074974
79163265494
79035222996
79161630049
79151793815
79162306335
79023470513
79689816780
74953963227
74953416875
79037503276
79168186008
79857763702
79037231609
74957116143
79037513830
74959963094
74953897879
79257350403
79854418650
79036693342
79104284385
79263202065
79035808180
79253839305
74992343095
79055511576
79654001358
79267533783
79994904740
74993174797
79266030474
79165525675
79055767887
79166303518
79266026637
79037797295
79263493264
79161258223
79153107809
79199996798
79652775035
79629095876
74953454828
79260238084
79055338695
79099214314
79853500020
79167958912
79035291566
74953119228
74991226503
79104463077
79017505962
79636018183
79057966563
79037180776
79165317965
79254947665
79150842224
79260676629
79262568825
79057867768
79252055514
79266259483
79160950150
79017733598
79175435162
79265731674
79104249419
79165157417
74957137709
79165369581
74991207153
79163203331
79031887417
79774163244
79998296652
79250509417
79166154161
74957035551
74997240309
74997253839
79060981572
79104779013
79265993202
79260676589
79268905620
79152419638
79800002390
79663197548
79261031754
79250946949
79851024257
74991628019
79776093052
79261412532
79252249925
79263268925
79035642132
79636547787
79037823367
79859901535
79060751553
79015559909
79260218356
79168800447
79031814516
74992325358
79166552642
79031634137
79055975970
79685307111
79162173681
79689482207
74955501799
74953411526
74991667561
74953423913
79039780608
79652885248
79261042017
79257721537
74953493253
79165222030
79060906409
79154275661
79263238689
79262661744
79037325726
74953410566
79067021816
79251205090
79161274127
79037074879
79151415822
79160689937
79166912148
79262408356
74955501755
74992631740
79160639332
79654446955
79255313083
79774442195
79850915959
79067715555
79265900629
79057078627
79162600250
79036265463
79265230101
79645135262
79165146213
79060866880
74953970146
79266613242
79999235404
79037736825
74953424357
79629446450
79265463534
79160073444
79099114647
79167801140
79104731341
79853331401
79636068352
79657032805
79261187317
79265641717
79267032000
79652989883
74957708081
79268691535
79032885252
79266592727
79163580414
79032182449
79096392467
79652500616
79162185423
79261451386
79167175438
79165340895
79045900349
79037731358
79037524067
79269232067
79037964791
79265556648
79162430053
74953941888
79254038253
79055752343
79154823109
74953406795
79167321112
79262628623
79999232331
79637680079
79652681359
79660102654
79774680392
79031504701
79036787355
74953428949
74953498513
79651389320
79057082292
79035159294
79266652513
79261820042
79258659465
79168889071
74953614629
79060986547
79164206040
79175652506
79162622282
79264393619
79661666000
79035990695
79670330347
79265223622
79684723316
79031395700
79651865312
79166331157
79150833065
923075421277
79670568525
79031424436
79096429919
79166876123
79774937837
79671148619
79151604355
79858929334
79060317877
79165417441
74953583860
79161402245
79267336382
79032021145
74953949351
79163454915
79031481228
74953366643
79265284686
79685812646
79261439942
79263334867
79299238432
74997827835
79057109758
74956720894
79067937549
79686579920
79257305550
79152147564
79164883588
79161381164
79264261742
79037694950
79269422751
74967641233
79096419416
79778049917
79683331444
79653490499
79104060440
79652739374
79164033878
79166910182
79163566930
74953434079
74997841257
79169457982
79165474898
74956604625
79017172353
79269700923
79151281509
79253680098
74994939352
74994810115
79268838423
79153902152
79264292987
79161226515
74996516975
79165070201
79772618017
79060810994
79661759925
79268445466
79032914889
74953939587
79175939567
74994596674
74953527060
74992816440
79266765027
79166613247
79060694279
79858833899
79169555415
79166132418
79267517809
79250190008
79774446433
79147913568
79067271342
79169751769
79037981845
79265750556
79263422192
74992322106
74959354665
79267163301
79651601210
79531774297
79645555159
79169412799
79778044662
79160730567
79647010236
79859889810
74953992980
79035603850
79163936679
79104511121
79032004088
79261132146
79850712837
79258508437
74955466461
74953404991
79197791118
79852757572
79165709987
79036731580
79057271909
79030154089
79169739913
74996199112
79150559552
74992322130
79250850545
79067547383
79263528577
79096264994
79999705857
74953597670
74955802735
79166276917
79269126204
79296649695
74997218229
79852441200
74993740072
79165524016
79031711772
79154013792
79629462626
79263014042
79672910431
79851701569
79099723076
79031412131
74953257648
74953722850
74953960697
79055731898
79104007959
79036720880
74956547593
79165576234
79651571801
79670102727
79811309230
79161005774
79067961014
79099055075
79652767627
79175683529
79859827817
79653409031
79030074096
79032115513
74953426711
74956559116
74994318959
79165044060
79267536627
79250216669
79637116409
79777310408
74953452330
79268170089
79165846922
79778994988
79265280065
74952291840
79154951300
79175020472
79165784196
79152152784
79163762217
79267794242
79773363076
79165707308
79262186915
79067774456
74957777734
79261307987
79037236240
79152483603
79264238659
79999728422
74992351230
74951146860
79164664371
79976185092
74953313933
74953892970
79260768740
74953415372
79168886894
79859998538
79030037793
79857282663
79151830763
79686184939
79685283207
79191023770
79164667746
79672856884
79851810155
79030181744
79037444188
79099472506
74967546757
79164912270
79031003832
79032583530
79037224561
79165129465
79191060456
79160136494
74993563786
79168044886
74957187271
79160714044
74999753123
79153367303
79037988776
79163939468
74953962600
79166383747
74952321650
79165806868
79037076820
79652624970
79167401646
79036133109
79647094418
79104832501
79251781290
79856460232
79168883330
79264107762
74992320782
79036254041
74957870970
79161173370
79175950404
79260942135
79151465453
74954238507
79031831441
79265202443
79067383338
79853881602
74986618481
79166573118
74953471325
79265217791
74956518404
79299280407
79265977683
79671144202
79039674702
79151599807
79588167791
74993206481
74991214973
79055054204
74997864713
74953183919
79161369681
79150585767
79163460306
79283007874
79772655517
79258013939
79150408737
79167143090
79032950490
79779406838
74953456855
79067434566
79032945408
79857835094
74997228285
79774870920
79167995466
79036114724
79104608248
79153474885
79032581909
79166154402
79035030143
79776893368
79623696990
79688275035
79161569285
79774974340
79265418318
74959332708
79267116137
79268609408
79263452929
79175589928
79055073771
79150030903
79037564321
79150006010
79161764455
79167734573
74953461516
79671379647
74993249436
79104254638
74956174112
79162950550
79660250855
79032763136
79035603455
79161157814
79035468090
79067652211
79165711403
79104320680
74952291830
79167955402
79267582616
74993570251
79647741710
74955140903
79269060192
74953939983
79262316137
74956123116
74956319009
74954224675
79773147754
79163327699
74991243802
74953954966
79104228257
79037540708
79166121318
74956636677
79260351880
79251567106
79165380888
79037538837
79163411708
74957156195
79153660546
79035568315
79032553368
74959375347
79265202062
74992645228
74956758333
74997223310
79775885098
79296836476
79165867836
79295014297
79104527268
74953968543
79286189211
79251271848
74953195874
79856454514
79250501800
79057666111
79629222313
79057855284
74957812085
79267565101
79771015853
79251316817
74953402484
79169489810
74999689423
74954682298
79262468458
79250727208
79161081836
74953507488
74953414270
74959950019
74993576412
79166840885
79151376721
79636363216
74953403143
74955395395
74953427034
74992323416
74956262792
79104691024
79261245419
79048876782
79150419168
79257377730
79269083231
79154038222
79859240809
79854349291
78795170487
74957835959
79295633006
79057051717
74956558645
79057631003
74997504050
74959842323
74953429110
79039691902
79260564337
79685116049
79168324436
79260407426
74959424613
74954658012
79672263322
74994099752
79647653616
79175936953
79161386264
79250383057
74950110018
79267666644
79099834585
74957888030
79031324051
79268261906
79686814227
79036181150
79251375178
79686010610
79258670671
79299778607
79166870361
74953258467
79652355349
79160573092
79160604655
79683526000
79165714104
74956792186
79267992462
79850002033
79161066282
79268191551
79647650474
79262660083
79169038622
79588134248
79039769316
79257726067
79163455336
79060453835
74953980965
74953914134
79260583128
79777571702
79686561696
79165059831
74953407837
74954223504
79055710055
79128466026
74958672626
79163429367
79099381398
79777322959
79104109139
79169138932
79299292400
79296492981
79262268577
79686831662
79261254715
79166823711
79262160747
79646226391
74958673255
79031955324
74956773421
79067708605
79265312258
74956571621
79265341341
74954238869
79031002398
79265743337
79067855106
74951390909
74992322685
79165467656
74953958592
79060580091
79250419030
79262105740
79057402255
74953959470
79037157419
79165574642
79268109948
79099513705
79151215865
79266478514
79250912462
74955158231
74953879254
79165838465
74999075997
79653163102
79096663652
74953402337
79265311144
79166086367
79773117639
79063956166
79859163698
79167303256
79169292189
79661149270
79150968121
74953479306
74967699153
79037136101
74999236697
79859983399
74997025296
79151344453
74953065063
79268056153
79605990330
79263040155
79160997321
79850222557
79251036766
79268759628
79661199376
79255763024
79258741362
79031240949
79169518386
74955056118
79264064061
79267214351
74956637820
79167401523
79636397964
79151457671
79175023105
79778672613
79161307671
79645672900
79670791726
74953967792
79035075793
79777279282
79858820852
79254950056
79164732743
79161849241
79175511644
79153274852
79036717831
79099324187
79251095556
79637712115
79035633928
79031774149
79057477722
79036239993
79671493640
79262678935
74991202581
79057012889
74992061980
79096611726
79057617071
79853077845
79163398277
79151911717
79261184477
79164406868
79109029585
79777025086
79260400452
79859806315
79772519595
79175333195
79096881258
74953402084
79169537874
79299597115
79269792000
79251113020
79651365507
79031099891
79252518560
79190123183
79265780985
79636921393
79773577184
79269695533
79169897357
79167476810
79165750063
79852912921
79774246916
79299751665
79629313222
79104222720
79067063353
79264152920
79035710997
79263234454
79850617793
79772646586
79637810951
79269583545
79199998558
79169501117
79168230755
74992077159
79855140698
79257116613
79261975813
79859655784
79199939631
79265159030
79162070877
74953992370
79652967445
79160880005
79037007772
79255723346
74952349692
79163137253
74983085238
79166382603
74992862930
79262081080
79771681324
74953414517
79036601760
79163653281
74959654310
79104264653
74952326150
74957871112
79262080988
79165595754
79104764523
79165118400
79032571780
79165070329
79255009043
74957887300
79175613675
79166459392
79258593168
74957774147
79031181694
79859916145
74957151242
74957237777
74955445090
79104946590
79163942418
79167777577
79037955904
79686189403
79168007334
74952283027
79091521202
79250233439
74991573410
79057308931
74952581793
79269273787
74993729220
79851310143
79055956239
79660780709
79036633399
79653377280
79653913905
79032930249
79165206906
79651922767
79261025670
79162822942
74953459641
79037554715
79653878391
79261037384
79150800400
79152443458
79060906311
74953991015
74952322444
79672311221
79166754801
74956721202
79161340338
79032923288
79161940977
74956296280
74995599910
79166208653
74965763737
74953639380
74953169109
79104880023
79161172475
79264291650
74957805565
79035303225
74994950773
74957178752
74991224159
79035386446
74957065917
74959951001
79035944921
79772752674
74956751636
74953975105
79055871714
79099995653
79779203546
79166173410
79262646822
79153824655
79257916855
79164236610
79773430126
79852502502
79161474614
79262462123
74956936122
79032781351
79267034697
79251267672
79859157703
79606901113
79990199901
79153514504
79680984999
79684656858
74956376979
79851104495
79164880200
74997254058
79778231805
74954217083
79295309316
74997418323
79263009021
79057020973
74953429938
79031414653
79688087078
79169347527
79652500068
79773374404
79857670144
79854733358
79169734917
79104542217
79251402818
79629250195
79104721370
79168711647
79774950084
79857764387
79262228026
79772965962
79645505383
74953424030
79067283388
79036737587
79263594698
79030135805
79299144228
79163102561
74953278630
79060424330
79663722330
79150692824
74989177356
74996089270
79035402714
74956465665
74991298581
79168102724
79031532205
74959817094
74953511782
74991956816
79060676860
79150029045
79165932580
79645323292
74952760729
74956072386
79162474043
74992325526
79827315799
79672820966
79859975091
74953435428
74957700757
74959676650
79032958730
79031614112
79859843757
74956459724
79856421090
74953213921
74953872538
79057830073
79031985242
79251204975
79037293920
79672097273
79199910627
79852959597
74954267500
79687505416
79262396036
79166700237
79175299265
74991791880
79037698189
74952042798
74957846045
79037411973
79637804918
79773020925
79263784142
79163434071
79261433469
74958671797
79161404611
79269062956
79151946652
79299394573
79255490618
79161861072
79031888718
79055234891
79269801933
79265831534
74959759750
79055377114
79031935787
74956405858
79096659844
79265289859
79037466222
79032040135
79852931371
74957347000
79169257434
79166837638
74991783532
74952740390
79646389994
74956337119
79687655507
79253655530
74951250890
79776070582
79253894918
79163154846
79163495504
79588253638
79686933791
74959098795
79167096365
79164445436
79037585369
79773399585
79104078437
79645593559
79262365049
74957271642
79264346169
79252039318
79165835976
79015952233
74953838038
79299917882
79038010586
79687711457
79169544493
79268356240
79161119669
79169216085
79161504597
79999637269
79168572591
79096879023
74955707452
79154748765
79859358153
79252886138
74992320132
79036744942
79166912199
79637261026
79091628919
79687603417
79850423464
79037806862
79661671523
79152962576
79169967943
79165951795
79689175314
79636552846
79165721734
79166942389
79251542829
74953972622
79160577272
79055691339
79160818585
79037400474
74959928318
79161336068
79057442186
79168145284
74992320174
79153337033
79672039217
79639722706
79266271833
79035180033
74957037182
79851113715
79683990884
79645356706
79269157451
79851895506
79168408202
79032905879
79035701735
74954692211
74953407714
74953418296
79261675111
79629276069
79096734888
79260943471
79175768595
79851267177
74991681196
79037909069
79261098899
79167104416
79035736976
74953407416
74958673843
79099021262
79264967648
79168569111
79263493868
79998359515
79031171929
79671018444
74991964088
74953428863
79161802087
74953412017
79104595948
74996166022
79154723427
79035382667
79167265283
79998672200
79162536492
79168386512
79629265224
79264690294
79265270707
79779415096
74953404971
79055678877
74953492091
79035589209
79258968615
79031587781
79250498956
79165573692
79153149856
79857737363
79169149367
79162994772
79259103262
79175187127
79091596109
79225444166
79263552064
79268435544
79250611129
79688244002
79168577614
79260809911
79104951585
79253038359
74953925703
79859868307
74995002077
79671496852
79154948756
79167371052
79260761299
79037131515
79775681602
79037216031
79854470384
79037331223
74954223713
79265632411
74953402753
79636207070
79037826975
79266981039
79262232387
79250611142
79262586233
79166038824
79167371047
79161686390
79647982253
79163860178
79995954044
79031548279
79031622248
79163105888
79032845513
79267007877
79651416206
74952341062
79684017738
79162612234
79091605723
79104388813
79775740940
79636257613
79689614610
79036876872
79037550487
79160352395
74954448364
79104390609
79684296550
79151591976
79055047210
79032556825
79268578589
79261444016
79099127898
79161155760
79162397980
79852775230
79851298312
79775646175
79652399099
79162517542
79165460403
74956559284
79260464044
79850716170
79264782613
79168890439
79164945566
79197686880
74952552658
74953412594
79636644104
79265721162
74956729681
79169429522
79264378784
74953480962
79264210431
79859375618
79687750668
79031208372
79152455315
79251003884
79261243002
79162782251
79261129967
79266727221
79152883898
79772665340
79151801612
79037232903
79256341309
79268889233
79162100666
79777267632
79258149029
79629665115
79017707661
79384676777
79035058886
79776849536
79032539297
79253522818
74956573737
74992320637
79032031307
79779227517
79169138857
79037743951
79670337459
79854924849
74953952105
79263879725
79151259824
79168484583
79164352576
74951959032
79636512292
79164155919
79091539922
79852502903
79163424164
79266614742
79263380124
79262083020
79057661045
79163199222
74955488608
79037487989
79151297220
79645059282
79152027270
79779375570
79167715722
74997860824
79259370808
79253283427
79268394647
74953714971
79057816400
79264079039
79169201694
74991686232
79652658282
79268846130
79653300505
79262854311
79263653161
79269056075
79262818937
79859547976
74957127741
79099252755
79166512981
79017479313
79104969519
74957162547
79153952395
79154007994
79250533149
79857690901
79060515524
79166355792
79853648711
79169211200
79647948000
79168051229
79262554118
79266957181
79152207545
79015435111
74953276319
79166038466
79778481655
79031325733
74951202775
79036118074
74953418980
79776170541
74953421666
79031641501
79262659522
79299835634
79854631910
79645187458
79296685200
79807128126
74953409547
79099664024
79150118152
79646221173
79150613935
79165283649
74958672247
79687418008
79295935900
79031429733
74959883338
74957771100
79268464813
79262824937
79296546100
79258669062
79300009988
79261394947
79032890190
79166630653
74956729924
74999666991
74992403304
74955892147
79265878526
79160109510
79262259920
74956540318
74997411095
79163695851
79999886852
74999409930
74994456144
79037102627
79055729127
74959886788
74957117506
74957896202
79096669040
79651813738
79031225554
79167563578
79099996600
74951506558
79036235649
79104012770
74959337347
79057692993
79857970514
79057447441
79636867427
79099443321
74953982484
79057354205
74959823007
79859917602
74954602424
79163720971
79253594919
79168284900
74957270633
79146228421
74959358152
79169072002
79037451147
79672571585
79166404148
79035882019
79259383066
74956227835
79683945014
74992486616
74953400147
79175477623
79109853110
79779226398
79169435237
79256099090
79099684040
74953900746
79264559022
79037982413
79299538856
79169713082
79162408074
74959877100
79017838147
79153833280
79671001085
79160169476
79852883663
79165562407
79255266458
79152523552
79266041198
79166725296
79163498489
79030167818
74953330071
79161801993
79067036484
79161226608
79268449083
79652387712
79057701987
79997879565
79099449353
74953797938
79057458415
74991792858
79653821899
79163619797
79160049555
79164511092
79637507298
79250513676
74992322447
79262075633
79269280220
74955507088
79039765560
79162214695
79251580055
79067865653
79268259131
79165015106
74953308202
79197706217
74953589207
79162299211
79163130400
79654341801
79163468614
79166262713
74985474229
79267991870
74991373210
79060347113
79260239688
79653416280
79153199115
74986652721
79637192380
79060912628
79771722834
79637707757
79165360032
79204051113
79265645079
79168800556
79165906253
79035743508
74953426776
79165627847
74956152341
79031446902
79651395573
79104882255
79263734549
79037644846
79058508222
79778290078
79160947556
79160675020
79162272676
79169949040
79263402052
74953688077
79164568550
79260210321
79150386678
79623600037
79686260348
79055286752
79153660609
74953105430
74953378717
79031143334
79266497359
74996860802
74959891471
79300564160
79163112302
74959569801
74993240726
79250259952
79688958833
79201509980
79163812119
79261823119
79621689797
79031958600
79032679948
74953482218
74956790236
79660422912
79163387083
79168574027
79032260226
79778009118
74957854235
79258336391
79778474559
74995078914
79169140662
74959564175
79261536334
79696547716
79055036134
79773500967
79164983101
74953987706
74957705554
79775213299
79104313203
74953995014
79167438538
79035833079
79269368686
79032924477
74997552323
79653656651
79031986198
79017963491
74952320023
79036161861
79067132720
79099687567
79998179724
74953407477
79266147060
79263227725
79153809311
79651500385
79296593664
79653643332
79162780534
79857692829
79262652540
79161410408
79104655905
79032835932
74953263191
79096395812
79031731630
79168490665
74953222973
79685870240
79031603841
79265279022
79151368303
74953405418
79169729729
79269078346
79296216906
79267034288
79160763970
74993235313
79099485593
79104524989
79032232105
79859830985
74953556861
79167104203
79689244067
79772647585
79037500802
79175777713
79067851585
79267159426
79099563959
79099068906
79169937645
79262187485
79154624955
79296583224
74959743581
79688179220
79037143920
74957556598
79035891708
79851344323
74992340079
79099032669
79166021833
74954190624
79263730937
79166020903
79262960606
79266607100
79165181825
74957137853
79104543465
79262581009
79262028093
79257900974
74993807504
79015051337
74956243547
79661423275
79031317401
79037651968
79104009406
79055060525
74952870700
79258864262
74953973133
79265357727
79060747993
79262876791
79037311951
79651532910
79264257070
74992731169
79037459039
79263896920
74957896532
79163186227
79035197894
79671372822
74912307468
79264151430
79615166798
74955422045
74953446544
79308384643
79031287247
74953418817
79035083704
79266464727
74999410855
79775224454
79031213769
74992593965
79154962141
74959165480
74967676397
79261589990
74954190649
74952874645
79218757543
79651380803
79653570034
79267122029
79778579608
79265590224
79166569464
79055525685
79169897484
74991226837
74996110085
79100191762
74967622372
79261774553
79252057697
79299055004
79653956009
79253550628
74956627866
78003330415
74957878542
74952238680
79265682045
79056074738
79151970894
79684761515
79258596898
79268405339
79263591243
79037719054
79175432782
79032707814
74955596112
79299631970
79639232413
79639254154
74957274119
74956545671
79262927841
79175088088
79164247574
74991982566
79169679314
79261822093
79261157995
79165363782
74999009631
79152513041
79163784954
79161923350
79162369236
79689448266
79269078181
79166530572
79647887766
79857671632
79031031347
79774470293
74951950741
74956592114
79636220222
79772629498
79036693565
79263190591
79262280101
79032110174
79266447778
79250859046
79275427728
79166734067
79035233778
79055248855
74956791716
79851317501
79031086483
79039666013
79259167339
74957756555
79778005951
79651471080
79104607670
74959299584
74996171312
79151619310
74991372772
79856111402
79258696813
79264656898
79250800588
79035461899
79167921858
74953499634
74997431907
74954320542
79261120377
74956211409
74957486424
79165202066
74993571776
74953252665
79303301913
74991107271
79265262208
79689364930
74956264888
79031078917
79685167920
74991525494
74953470715
79253933164
79653764052
74953403108
79167195697
380988228676
79295711038
79091573468
79257489411
74953490735
74956556377
74992317874
74959679639
79035852765
74956429580
79096618653
74953422931
79689993951
79163304514
79032388764
79168818787
74959544844
74955508168
79851703163
74997211802
79268270278
79037900316
79263379979
79035413681
74991251429
79859867038
74953138315
79055135919
79263970748
74992003901
79168462088
79636976189
79265312382
79857992266
79856984901
79167785089
79096668332
79091539026
79191019425
79032572100
79267649048
79266141337
79654343485
79161519441
74991723277
79588029208
74952766007
79031093289
79175730955
74956588026
79637231884
74953999429
79017101064
74959847579
79055856060
79067467776
74953277249
74992425642
79150684056
79672172627
79265260244
79671518427
79856408033
74953971105
79151234353
79689469878
79017464410
79169130811
79037697338
74954191816
79778776048
79251998149
79151420104
79651975519
79269100317
74967617167
79091626988
79778099892
79262580010
79162224011
79647677000
79163361763
79267272886
79653037011
79250015009
74959587484
74996170384
74953950446
74957045285
79037481251
74953417359
79175340687
79859882959
74953422843
79264801624
79152283595
79099980381
74957717278
79164335556
79166948407
74992343969
79265385738
74956379440
79262824742
79653638746
74951520197
79295035272
74952584534
79166397443
79689797202
79636517111
79267178851
79151761411
79165697754
74956230304
79260926802
79161376296
74992043791
79168066339
74992323718
79153901696
79165128927
79267159327
74953964693
79030108112
79151970928
79683855846
79771705095
79017945620
74956467251
79169999107
79257488576
79671768006
79257896061
74959415797
79857642085
79859854676
79261222841
79035112022
74957753934
79104664346
74991520307
79684173534
74959358500
74993710565
74952230001
79268145029
79163193091
79037902388
79154195536
79296376663
79153075983
79850788833
79067716934
79850742003
79672169462
79263007808
79268253719
79031003714
74957778305
74999400740
79258553474
74953541189
79161684560
79257109330
79296090142
79035695949
79164592406
74991797239
79680824621
79168458563
79152235122
79775322405
74959818484
79104177563
79265102842
79859514874
74999560933
79169232317
74956704989
79104959188
79175180944
79035497862
74993204140
79036110241
79032662063
79168421513
74993577002
79685664686
79267057713
79685808784
74959529822
79264034379
79037186415
79104137494
74955503840
79296343944
79261130710
79636723878
79254957313
79269066756
79153694177
79260305001
79263374928
74953406897
79255387312
79161958264
79269365710
74953419403
79999732714
79265953519
79037445594
79266102166
79154819870
79035824027
79267158208
79036680072
79689174332
79264488331
79263972354
79264532040
79264592077
79998378007
79258623711
79055484884
79268881735
79652988011
74953975647
74953917602
79015620402
74955649778
79166489987
74953537661
79166068562
79162077847
79774239085
74959522368
74953414038
79057979232
79166260884
79267086267
79153597255
74956540339
79262134272
79537029693
79160903219
79150243594
74996133853
79855885820
79687420930
74953403212
79031651839
74953428714
79688842892
74992034652
74953409949
79166027122
79036771119
79777145872
79164864046
79857659763
79251586646
74953408557
79167905472
79037688645
79152955475
74953429389
79166145033
79060765819
79151415050
79091673133
79160547824
74953424440
79927777515
79163218324
79266398399
74953940228
79031202626
79013434519
79104288448
79779574763
74954268880
79636403203
79255062344
79253318041
79852631005
79165606918
79161624774
79166179572
74953405653
74956545388
79651582899
74991890328
79165144523
79258623107
79167714242
79104669936
79672372777
79197735645
74956743297
79262576166
79035577755
79262843494
79264241500
79775595303
74953421585
79035792204
79160985802
79257854245
79203768602
79035533566
74953254830
79254381260
79267368353
79262261810
79166431989
79855112933
79629502163
79161266593
79853382872
74959270077
79859953160
79037540955
79175800001
74991499383
79636399519
74992323590
74953972935
79689167785
79998211284
79162367161
79162248795
79854403941
79852950315
79653187731
79267697983
79258273455
79167413886
79260912513
79851454816
74953421624
79057890494
79152641631
79775839753
79037991996
79035512388
79037347248
79296771729
79253208068
79672443305
79998731191
79663203288
79779164212
79263643123
79060325951
74953426995
79162058905
74953955526
79653232437
79267212558
79163147536
79169050823
74953416643
79032405197
74953427912
79854585195
79854231658
79161185301
74953911816
79161743028
79771612143
79035073737
79055936517
79777766402
79265333133
79255817512
79296503767
79037431774
79256388548
74954275750
79030167463
79161562322
79262689934
79163668979
74953479432
79055483905
74953415766
79694441744
79268593871
74953969565
74986721237
74957150881
79150917114
79680056346
79215384329
79268044980
79660818888
79857243374
79160545646
79017049959
79154255455
74953484457
74953429430
79031680175
79269004477
79104683613
79686685645
79175945529
74953417488
74953404582
74953255606
79165911867
74953584502
79251893514
79257818447
79263763547
79158009786
79683800940
79672672679
79161809882
79162632498
79629914675
79252911567
79859869037
79670305262
79161439976
79254645658
79031448881
79035711173
79262110600
79265855180
79261971815
79859738580
79037657327
79032327529
79263884155
79151461893
79099068061
79262452630
79261716807
79067024499
79661146441
79636519143
79154888864
79645202411
79167080080
79168115916
79163902832
79175711077
79299415222
79672727979
74991874431
79653756636
74953415250
79259277080
79035366294
79680348668
79264817123
74957119506
79035202770
74956790539
79032714660
79165689548
79104071446
79057330403
79154835598
74992324686
79035305759
79267265502
79168760251
79168001622
79167675960
79057039804
79856480510
74953485214
79104969164
74953401773
79670214337
74956773402
74959372385
79151865161
74953419108
74967601694
79096558545
74996851975
79169232529
74993231488
79269016131
79850742777
79167797470
79057872266
79104003596
79268228487
79670340536
74953428733
79858210519
79161232819
79031160516
79160972353
79167034257
74957559800
79296808788
74952312323
79264334341
79258971595
79859892083
79030078021
79150302109
74986026943
79265404158
79254215721
79160921313
74953419352
74991798005
79646205207
79254304403
74959759755
79852600519
79168664806
74993502966
79057381114
74956579101
74957250888
79055088561
79037924344
79772813820
79647766797
79852991068
79265712808
79262813322
79161346285
79671230046
74959530069
79163442411
79250528456
74957775545
79647749555
79160858516
79035961170
79857649258
74953962112
74959662844
79268837497
79265294606
74957716651
79030015474
79162539040
74953543155
79778621633
79629577443
74956213226
74956655600
79686855158
79163189878
74997427173
79771658702
79160564573
79153984522
79166965801
74843440260
74992320195
74953007772
79296082782
79154796331
79999933577
79055544715
74996540021
79104632104
79035911790
79263624032
79265801427
79162114798
79267064460
79261275223
74957757900
79859368117
79629990388
74994093990
74957088555
79680280782
74997377781
74953554101
79156748091
79774407678
79262370336
79268441993
79037605657
74997480192
79055863011
79055368915
74992359344
79036685174
79255675312
79636356748
79623672225
79163833844
79254752117
79154979722
79032666454
79055402884
79199661171
79998076031
79161129032
79773000282
79265475516
79153280315
79269122680
79163016169
79651286536
79032448034
79851357285
79037841719
79169625988
79264102990
79258558431
79261436717
79104782119
79647992878
79036648283
79162358711
74953510039
79773206038
79260585491
79099544648
74956559627
79091607516
79671267306
79645162245
79266691361
79164212117
74951555155
79267430354
74955499206
79255990716
79152124852
79104565074
79258548853
74955395850
79997710591
74999400841
74996163364
79199662411
79035455509
79032761649
79586818158
74967652885
79166901030
74956481812
79057820289
79164632639
79104524256
74957156277
74996517641
79267934379
79057366254
74956410078
74953404115
74956370753
74959382372
79775215467
79104344474
79263254797
79685419695
79152359497
79265663769
79637250017
74996138735
79254442903
79151821760
74997210133
74953937074
74953414516
79032329779
79164082341
79651487744
74953417415
79153733814
79262793116
79999721891
79067517575
79032183310
79037775222
79165696696
79779641871
79031185155
74957923097
79267119985
74957254605
74997410750
79252444850
74953949866
78123246352
74997827217
79151056076
79161083041
79857780253
79671846968
79168885655
79161288562
79252098117
79067086607
79165027580
79859719970
79163675959
79104627537
79151402240
74957219129
74951505558
74953414161
79859568939
79684702028
79164359104
79055521440
79036278739
79851194367
79260854767
79030173485
79067448855
79164833038
74954392632
79165453316
79672966672
79152283819
79164371750
79266311101
79250004292
79031791721
74953486336
74953276758
79647061680
79051492201
74955428139
79166074208
79037453814
79104467382
79859792544
79858576777
79161813962
79850001304
74996169292
79258286213
79167319825
79036122603
74956275545
79030080912
79032575938
79168009925
79165003852
79169081427
74956543523
79162312620
79265679906
79164923093
79647884888
74953055897
79779473280
79773579935
79852124191
74957875353
79150508939
79164395080
79670264184
79262173213
79208849327
79031254772
79035278733
79175992003
79263010396
79251854099
79152679318
79262358632
74999752503
79779664435
79260955919
79859912611
79032833128
79267874331
79104177889
79164746798
74986577956
79263053395
74959560033
74992324654
79254930577
79267666501
79267346899
74956919047
74957167580
79035610910
79060767972
79687947357
79152862163
79857627052
79253200436
79660997788
79109416538
79262702164
74959886417
79104295502
74953972539
79031318500
79165538871
79166050058
79104273631
74957974222
79036750618
79037301719
74952807271
74997536333
79166567957
79629615544
79096962858
79199651448
74951951561
79684993600
79859616745
79264442232
79166876671
79032147376
79037480085
79265873212
74953664872
79261407287
79261409404
79152018924
79255420254
79036132996
79169087419
74993561819
74953424004
79160894495
79057403652
79161834006
79263362388
79165089910
79166853977
74958673156
79651997303
74991724868
79160100078
79265566977
79175189246
79267163453
79166112376
79680622373
79032179719
79154856975
79258542350
79167890220
79651798797
79031095534
74953415504
79778706815
74951940533
79646466636
79167683310
79066275193
74953974479
79264216341
74997025297
79166958935
79165909468
79099162993
79856876678
79032887731
79852263946
74999753656
74996117093
79160858365
79169811080
79164577709
79197773272
79264624291
74953964825
79263320213
74953405302
74953244430
79160945721
74957714410
79265367044
74957894311
79166476287
79197841949
74956385193
79163547054
79684777609
74956656701
79252244202
74953510797
74951942180
79268483302
79262333234
79015532486
79257486647
79261751452
79197650409
79854473646
79772627286
74953437924
74953493695
79259079296
74953401123
79268431857
79265725763
74993224307
79588309883
79037221590
79039616236
79776288412
79035942280
74957979500
79688627460
79060725725
79175140772
79037158460
79996735405
79162601579
79265758438
74957814114
79163378797
79999849560
74991295724
74957880200
79055758287
79067356383
74953472058
74952041247
79175084848
74953421335
74994317637
79055738989
79163348567
79031461808
79163818405
79057645068
79857866564
79035260575
74955290218
74995505473
74956601340
79165292822
74997533408
74953820695
79263287018
74992548556
79057446280
79096994788
79851607764
79089945557
74997052033
79035492234
79162651485
74992452153
79161153641
79167833501
79168453333
79687102945
79266051968
79165833776
79857291512
79262052872
79055851555
79261955060
74953348714
74986573004
79039786737
74999041621
79253508980
74997840585
79777132003
79776019890
74967636525
79260008123
79037299249
79057051213
79055113254
79265722972
79999736719
79262189093
79852191808
79773423709
74953994131
79037248486
79267041205
74953410691
79251988817
79773438474
79269291484
79251988565
79853167232
79055872753
79645333641
79268409540
79267804091
79778907980
79031150481
74956020006
74953950434
74956580120
79160407228
74953042275
79217161200
79032835052
79055483024
79295708083
79032320545
79641474444
74953979578
79104843955
79163862270
74997231507
74954235897
79255146601
74953296047
74957098879
79168426379
79037876936
74953423452
79031859404
79166055207
79037851610
79260437022
79067770640
79037137599
74967615587
79686229634
74953592569
79998698951
79168249123
79104408341
79853314303
79652159771
79859360876
447388379176
79672094910
79163050032
74872498325
79269074055
79161804617
79262042518
79265191442
79251128555
79161797632
79167360239
79161352429
79161422115
74953517205
79104083651
74997930096
79163645601
79161063940
79031547020
74953960791
74953400692
79031690118
74992320668
79851725703
79161462698
79851568580
74997462000
79166231515
74953986098
79165912806
79260952111
79104546436
74997977358
74953220660
79252004011
79672312171
79151522487
74953420817
79647678246
79267523909
79687607213
79653246088
79776458757
79850931264
79163744442
79689685445
79852307941
79853648182
74956799977
79852766995
79998028384
79175297399
79167949097
79154599345
79162147098
74953945763
79164635869
79036158293
74958679727
74957172811
74993569260
79067893926
74953590527
79645822989
79265516073
74953409475
79163787071
79261646863
79859947294
79778283997
74996862024
79031270287
79661127208
79161760226
79851000351
79774250815
79646465731
79151250223
79099408714
79030050769
79629006376
79165815135
79998650088
79166513146
79672357369
79169030384
79295085377
79165126613
79164414540
79060384855
79151737451
79104716742
74956586961
74953278458
79153469357
79168618411
79067146560
79161712799
79637691971
79255142811
79262200303
79036626503
79777573832
79296237014
79150033523
74954408249
79190702706
79096653311
79036735224
79163466639
79057150166
79263979779
79169695676
79263275640
79255628240
79299000225
79154269989
74953408927
74994780721
79267096825
79165258106
79035096147
79055546471
79991135236
79037488664
74953425090
79652058354
79653319293
79035234803
79169273197
79055934734
79152969046
79269824657
79996709341
74993560142
79164300905
79268564453
79163504076
79261024614
79166536445
79015467406
79031867044
79167759248
79039629024
79250959592
79262885855
79998651213
79268780578
74956743650
74967647581
79067747640
74993572330
79653217766
79261839931
74953979279
79856250575
79164455198
79163732636
79262584416
79260971414
79660516841
79057811424
79035997754
74953418834
79036757511
74992325231
79167251373
79637199253
79296144271
74953922741
79055876844
79169644794
79852903695
79057349875
79858083704
79854597612
79773450544
74953192093
79055566582
79151902068
79161644919
79035630263
74955419435
79151387370
79175780828
79165457835
79266224348
79036861849
79099510167
79167841303
79268511452
79199660888
74959928344
79266852229
79138500685
79055343563
79147237231
79031348436
79169063995
74953427269
79032273010
79167667343
79651508919
79651497888
79268982760
74953256052
79057888040
79263960349
79267777660
79060549089
79773394753
79161416976
74953987662
74957155341
79999002287
79262768386
79162930183
79645604608
79647606027
79266855065
79169403345
79651868137
79037102011
74953487035
79265891384
79299204479
74953512157
74992323497
74953405056
79686825322
79154795744
79771459903
74967623119
79191022949
79164909197
79855563366
79166754288
79162221184
79106471263
79856620928
79166260101
79038033268
79262151020
79267509213
79252098738
79032787198
79169028721
79258337516
74997778143
79165654327
79067865638
79254240480
79779678257
79105195433
79037167930
79636039006
79096562170
79684090014
79166320986
79162435970
74991606860
79199707645
79163880256
79154649699
74953994348
79629720238
79169128444
79039708745
79163743478
79264989182
74991731393
79057054158
79857627075
79854588662
79857768486
79299519087
79261751418
79161931612
74953155238
79163905318
79680381441
79032191959
79166352767
74953412232
74991330008
79269487509
74997025295
79031169582
79104013137
74993248470
79165713628
79166630555
79775109445
79260011492
79151710980
79645314774
79779575305
74957071603
79104595669
79999004122
79777436647
79104009922
79096967812
79161200006
79772557415
79166649202
79694445550
79037753836
79168537201
79168875431
74956790796
79163815374
74957091891
74957519322
79037278872
79993333345
79037833888
79151770790
79032050998
79037993661
79161372956
79154454027
79035309368
79852100752
74953964191
79032567831
79265815981
74957130179
79166847247
74954953552
74958672465
79166305265
79859970678
74953477463
79164709019
79161286631
79154343645
74991837596
79151907983
79154749375
79099225109
79104610394
79031778280
79031951592
79774238379
79859398770
79653514938
79295251062
74953423425
74957361963
79266056289
79035043694
79067896236
79685118008
79637731933
79031941691
79853640745
79250796305
79261127525
74953632972
79035283855
74955648819
79778796950
79150146097
74996130225
74995780370
74954002246
79055000691
74952904091
74956041055
79031286977
79057061523
79586818196
74957274100
79774871381
79998027789
79266494882
79162353857
79154070931
79857287882
79165106473
74997484798
79217951361
79167747383
79266678670
79251226729
74952561134
74994028043
74956921890
74996665877
74994924936
79853087838
74952680626
74953423678
79161688219
79772813012
74951398685
79099545510
74959334740
74957374737
79100026233
79165823500
79057820678
79607093037
79162503978
79057620785
79647092400
79035881266
79250040655
79162274089
79776023512
74953982186
79269871604
79099768311
74959643109
79263631801
79261866135
79636629254
74952792517
79154300810
79104791904
79167452227
79199994053
78123745544
79264752133
74996526000
79267507250
79686293806
79214358892
79639994755
79035845225
79857660307
79257860094
79299825479
74957175866
79639210890
79057193209
79689516671
79257037069
79104044906
79646492975
79057526757
79037305825
79852221516
79032552504
74999666242
79175604800
79037249147
79262838005
79160974043
74957755505
79161695346
79268289152
79854758807
79263101793
79296358030
79151116063
79661641664
79261930533
74953483503
79100134415
79689315393
79652673027
79168347303
79153143272
79262883818
74992321636
79167946986
79037382856
79037007298
79197236631
79267101788
79160373695
79152317600
79267778922
79165130192
79035422936
79854530098
79166097607
79168764282
74953953468
79680591488
74956124052
74953967269
79772837681
79854547004
74954817000
79268325158
74997952322
79099874435
79265315426
79265376998
79646358181
74991106105
79264698455
79152750694
79055330039
74959759753
74953413798
74992680029
74957349200
79265263141
74955583913
74996167224
79636475300
79263959744
79162116111
79263078787
74959592967
79035871770
79268921528
79266486632
79645914393
74953496412
79167536478
79266545434
79056320966
74952762115
79060979089
79254442257
79268222013
79017866390
74993173825
79858930812
79055811206
79032463148
79265339070
79160444445
79166192206
79295900738
74991341069
79252267897
79264913963
79036222828
79035905116
79877361296
79165902135
79169494586
79629231762
74952290161
79037777379
79636797007
74959842505
74953221240
79099997583
79167104257
79260115632
74955792191
79036848605
79162124941
79260769363
74953894527
74956583952
73462244199
74957771498
79773719203
74954191959
79160681222
79261036936
79775990513
79296999855
79151592388
79853122121
79067475404
79162458362
79166057107
79999806787
79169593349
79265212567
79284482873
79637219235
79152580170
79154386375
79199952548
79263831175
79265753139
79015194831
79253029526
79998142791
79055152381
79168435034
79266587775
79169796196
74991798013
79772627262
79253431100
79037235726
79060476622
79296015151
79857650065
74953289654
79057871779
79778896468
79855814060
79037910099
79654028432
79191059455
79164847423
79169285328
74953405533
79165243858
79262234814
79852257014
74953518404
79660144188
74959567937
79257729057
74991458546
79031602015
74952587258
74953483544
74956846611
79037632025
74953422351
79104681206
79166029195
79035134279
79645397171
74997418061
74956440700
74952340110
79031102275
79168880698
79057141633
79778669948
79255178305
79091589011
79254810491
79160869844
74953715379
79825090909
74953222013
79031557090
79057974641
74956469834
79637103948
79262661377
79637110934
79037343032
79161663856
79031065215
79265602036
79160338538
79856445787
79169028403
79262908495
79859221554
79055091858
79251738720
79153000164
79166728605
74992329442
79199655311
79260164977
79099731910
74953137370
79096739607
79255541796
74953404547
79031008009
79164981289
78123278777
79251512306
79152047018
79258091285
74953918317
79057258423
74957800684
79685178686
79151272769
79263379626
79104513461
74953938402
79261429928
79629204423
74997414780
79162100793
79152061886
79265190318
79263848006
79104358623
79156886868
79055017420
79035451082
79265398557
79037006333
79262227725
79161638446
79680642618
79161462546
74956755716
79773436483
74956784136
79265745067
79686222727
79670470000
79091541733
79854840034
79262626918
79660282005
