79629725924
74992421232
79999002507
79032552303
79250526802
79175558968
74991660936
74959928318
79166371714
79247023442
79265284003
79165059831
79651149582
74957167580
79654472706
74958675798
79037699625
79067193651
79154232424
79262907980
79031681343
79168875431
79167211802
79104647102
79055961713
79032871172
74992614090
79857766755
79161376296
79036868296
79161155760
79222540385
79859561285
79057687019
79167375228
79099006006
74953046046
79167112813
79057908616
79161957793
79859988991
79687254433
74997943215
79150791354
79265949954
74954256835
79037135917
79099420410
79031367393
79268889233
79168840601
79057387092
79163468584
79037347007
79998330896
79265748377
79152497985
79539532449
79262160747
79264153507
79031315718
79037236240
79260791566
79166800397
79527788240
79031014730
79671001085
79166846133
79165679597
79031158639
79162632498
74953454991
79853301332
79036708888
79164273636
79261976799
79096999732
79175630546
79055023248
74954413684
79104815220
74953414270
79037283678
79031629468
79168023578
79167156245
79166023564
79046055424
74953480387
79166418607
74986842117
79267074699
74991573410
79162077087
79266567770
79053611502
74991724437
79031581660
79036685206
79254658970
79055677408
79671328222
79150033888
79031282112
79629790003
79251102415
79652459054
79307435093
79160396671
79057054095
79067456463
79166963316
79060877635
79067327945
79262245429
79857622298
79258627858
79166034708
79166141292
79057845574
79165784196
79257726067
74953941249
79263301194
74993173883
79774602551
74953401423
79637507298
74953426776
79032031307
79265378081
79166749167
74953959225
79250010465
79160074974
79263315487
74956782429
79031055722
79162908250
79160333733
79037492948
79251223751
79163597023
79268982760
79853437929
74953012285
79268578589
74954592210
79165151135
79262815827
79150978134
79032572100
74993561322
79261614181
79162782251
79684001889
74996172747
79265897071
79153476186
79251870507
79163218410
79859226759
79057888637
79169193460
79035718286
79166374392
79623600037
74993572816
79151604355
79154182599
79055049438
74955481505
74953916203
79852307941
79645805364
79269483928
79647765373
74997431907
79262872600
74953426020
74997442253
79057110115
79104057521
79251588373
79057742845
79777241688
79032057083
74956527965
79269016131
79166825035
74953974479
79167906437
79774072517
79990199901
79169377247
79104463077
79254214412
79162245478
79261031754
79254604829
79859241653
74953901233
79036265463
79295907641
79165571608
74953954040
79258623107
79165172569
79161687234
79267662020
74997925742
79104731341
79660855541
79269444138
79269048819
79850528855
79299019680
74953955473
74953408061
79037299249
79165892895
79265351284
74953992980
79686388877
79263563299
79165922668
74953521587
79166806681
79651202627
79850247609
79670781099
79266143473
79636071882
79031091210
79015652004
79031595359
79067558242
79166950429
79163932900
79653863824
79269487509
79031211403
79250953335
79031762924
79036220337
79168088308
79067565269
79295535343
79851428725
79854907737
79164056223
79104778672
74956237349
79854910891
79166649202
74999015085
79169257434
74953927986
79268857789
79166444372
79167328863
79653673413
79031058927
79161081836
79166524477
79773527349
79263989434
79777132003
79035110512
79165308542
79104722979
79257721537
79851352497
79067202000
79639607498
79153307358
74959928344
79254752117
79060723215
79152644988
79647741710
79854134948
79015204015
79853451035
79154888864
79153584366
79166071473
79652643198
79175318035
74991592554
79057731309
79779946252
74997826186
79999705857
79035642132
79165406540
79268392963
79067856029
79264844242
79296059536
79265721162
79164519977
79100009192
79032407441
74997256788
79167401523
79256061136
79096881743
79652642027
79151199929
79266749966
79031520021
74953422265
74953926441
79251557488
79096934192
79685261631
74956573112
79030037793
74991373210
79039700028
79032585699
74955998631
79067937549
79637789887
79637115347
79166020810
74953498513
79253330505
79165317965
79652947711
79998297491
79266650080
79259079296
79165231420
74957112995
79773501254
79154427390
79671916936
74953614629
79099578913
79160305148
79266194286
74953417733
79251316779
79680249880
74996624754
79775330956
74953408356
79779665103
79637870072
79859972020
79167237915
79168190335
79161751890
79162988135
79153726830
79261412532
79036848998
79153939690
79166154161
79175955171
79163104425
74996665293
79168266522
79645950375
79261697960
79166072807
79295936853
79268821935
79169927076
79166723926
74953260417
79853001426
79163905318
74953939919
79104527268
79850614646
79167056907
74953049676
79263860680
79175537297
79161480030
79168826482
74953989056
79647853217
79150501866
79153660546
79264000888
79772618017
79165110815
79175299265
74954408249
74955972584
79164148770
79636356748
74994780721
79680286666
74953595150
79773262913
79856400737
79055536464
79175174498
79637624578
79852105707
4917668106070
79163530736
79266995045
79263001510
79645715065
74956546620
74953873860
74952148703
79163100346
79263009232
79161553744
79057934083
79269143783
79017494960
79166704830
79162387046
79266610479
79037711851
79645509983
74952328775
79161744196
79262824869
74953366643
79057783825
79163725933
79166486843
79646412232
79859567551
74953435395
79295555111
79269558488
79055653718
79031732188
74957137709
74957706608
79056962777
74956910254
79259238288
79163653281
79031727977
79687164455
79169580248
79858263927
79169729436
79250946949
79269058887
79259358459
79104321704
74957817072
79035059929
79851800515
79521253126
79057334788
79160703215
79773399585
79250837356
79263309664
79775057593
74958671630
79166208653
79167127725
79091521359
79999778979
79152716010
79169910238
79653821899
79032817740
79037710161
79258844298
74957799880
79152686153
79104912761
79999291900
79166533014
79296284671
79651385000
79031252988
79652465961
79150012398
79161360748
79150603892
79104382793
79153101570
74953467558
79167156666
79035100545
79166173410
79104537054
79015532188
74953407714
79778334965
79057020973
74997034413
79030135805
79775193446
74953969506
74953829525
79852333671
79163088212
79524478820
79637612449
79998121007
79165681985
79163951862
79161896795
74957867569
79035197894
79651277963
79151355900
79032792898
79099687567
74997440101
79039661498
79017989097
79852116056
79651180261
79268802986
79037424545
79253013307
79037993238
79262187485
79165703603
79637788868
79772677814
79636262331
79265479016
79853076027
79067728173
79175840403
79035321099
79035739460
79775801426
79267217397
79629604651
74991372764
79687444337
79175590129
79256099090
79262762379
79031494042
79629914675
79661898373
79255890976
79055572179
79037914137
79168079292
79636751034
74953438605
79057149595
74997845564
74955555270
79197710141
79262537807
79154922466
74993208274
74993735574
79036626867
79167954532
74953452524
79099214314
79166754288
79636317889
74958670515
74992371675
79032611028
74953998303
79161233273
74955221190
79067356383
79261299683
79151538531
79055660538
79036835764
79067386387
79031509033
79152420154
79037984900
79857848474
79055361994
79263515626
79778190737
79265553916
79651074002
79037382856
79057770371
79670329464
79261602033
79199705842
79199998558
79031887417
79151441382
79037991288
74997253634
79032009797
79296183193
79165283708
79057218190
74953590527
79262816342
79263759226
79035566433
79778187975
79262103310
79057403652
79262380162
74958675949
79614999587
79167774173
79037579493
79688179220
79266613242
79104720205
79161487347
79031179201
79241109397
79037071133
79266488828
74953950650
79039761083
79254405290
79151235730
79161923350
79035752300
79165477742
79853075055
79031809029
74953418779
79161277964
79774440897
79160714044
74954410240
79168401111
79629051954
79037830936
79032561736
79268390739
79262333346
79859389937
74953402831
79652500616
79032605407
74992452503
79104284458
79175589928
79859225501
79035553333
79268921528
79168246819
79169119440
79099136452
74997860824
79166886571
74953253613
74959353944
79651980903
79169944051
79166680791
79168024836
74958672626
74967575763
79036282202
74959141691
79162144041
74956548397
79057613833
79096771336
74954226919
74959301391
79163823538
79175103769
79268577730
79268394647
74993569356
79162114798
79104561690
79773399258
79197759647
79265775059
74991597037
79032101382
79036226929
79850505758
79267827646
79164247574
74951505558
79037292283
79162606040
74992343748
79265995710
79998789400
74958672247
79168093854
79778609714
79774774582
74993738320
79037521323
74958416204
79265982514
79150863910
79032486129
79037273612
79031412131
79262847833
79645843947
79151272769
79647254221
79859381149
79258880455
79099155948
79646498101
79671550372
79169130811
79168411912
79037901493
79099064423
74993247217
79036666077
79163573489
79258639682
74997418582
79169905365
79639729572
79104874220
79774680392
79774802228
79260357337
79194111399
79775742123
79032274747
79152158015
79660139042
79163932945
79060751061
79192687047
74732535252
79600373226
79153600780
79060410916
79037996527
79032958730
79165041058
79268526232
74953099285
79269102133
79265784367
79152264825
79165211240
79858875280
79250295525
79165970162
79166297518
79161316300
79671711215
79262358839
74953402480
79854148761
74953480962
74953943662
79299621378
74992321314
79161991916
79263450340
79652989883
79031315236
79037966540
74953982186
79261233777
74967632289
79161316136
74953418212
74952291830
79161381164
79255092648
74996665088
74953960491
74953409071
74953212167
74987214390
79166723236
79269964217
79166841747
79250518473
79165165636
79017712406
79162252680
79651762466
79652802554
79267777146
79096396583
79859750005
79197779784
79036154886
79851146967
79165010870
74993562274
79629313222
79265781747
79684761515
79165624858
79260415556
79163641711
79262339102
79264651972
79267171723
79262383506
74992631740
79652608574
79672363789
79670130059
74953423368
74953405653
79055956239
79651300883
79268803788
79663256267
79265453042
79162019684
79031226633
79031856865
79683993898
79197642331
74953488862
74997254358
79164833038
79164806152
79169860720
74992325535
74953902580
74953215206
79103316617
79258021800
79164383333
79165058451
79036601760
79167840770
79051467546
79175639205
74953420860
79252997890
79032597290
79851176047
79096814499
79854891051
79035900690
79857243374
79169266215
79037209986
74953452290
79252021038
79175329021
74992324315
79164909197
79261764240
79165310334
74953420015
79163599812
74954510825
79167091700
79152682801
79858559992
79153456209
79037388735
79037911279
79035911612
79037849921
74992322215
79254617069
79689214418
79647975345
79772614450
79264900466
79045296909
79269054312
74997422231
79057367042
79685461982
79852249988
79261274759
79685882231
79161097425
74953427356
79267218320
79629076262
79169926440
79262826011
79032165274
74953417289
79191030203
79166030333
79162185423
79057166735
79652920757
79169544202
74953407283
79166011869
74957129068
74992324036
79096406553
79778776048
74953414528
79169769985
74956540339
79166352767
79067501819
79165806868
74993248720
79161674791
79263741250
74954464417
79266030488
79259310701
79091580110
74957812250
79032675091
79035175967
79266904375
79670394747
79255170937
74957799181
79169092977
79151571981
79265289859
74953423789
74951392612
79267389884
79252590831
79165223843
79035370779
79268293436
79175768595
79672672423
79197748282
79031175728
79099214040
79771684463
79164583305
74992344250
74953405290
74994490755
74958581100
74953117489
79263040155
79199655311
79151346350
79169368146
79647717159
79166437810
74954865169
74999400841
79167321112
79150409596
74953969620
79153345995
74954356221
79096467733
79672570531
79164883588
79259192255
74995013203
79165661580
74953406139
79039780608
79267221120
79104205205
79165720403
79263341222
79104331867
79774720388
79162113416
74953388261
79104095857
79037539565
79268491288
79263374928
79261599348
79652092439
79651380803
79254649490
79261222841
74957449981
79262813322
79257750544
79268324193
79250059806
79164171418
79151539098
79162430053
79652948650
79057617071
79104956314
74997938014
79031368427
79151192256
79261601590
79035701735
79164602235
79032808197
74955492360
79636948869
79169261050
79165354367
79037167930
79168252118
79166736970
79856248024
79166072414
79060720787
79266051815
79163462289
79035112022
79163616026
79772655517
74956541741
79037992585
79057650991
79162798853
79262310538
79258336261
79687556477
74957078379
79163535429
79689518738
79264927659
74991791657
74953633500
74992655746
79265494844
79265855180
74957163080
79099381398
79197231936
79067764389
79152583271
79645845683
79670682282
74992692389
79162343140
79268898447
79031980334
79269068236
79161443587
79269123908
79251585810
79032509318
79262264902
79037086807
79256549628
79162753662
79166632400
79645903470
79856883888
74992321756
79104388786
79269270941
79035184658
79166197885
79260788946
79851298312
79654043077
79652399222
79262872585
79166837763
79262647309
79262078872
79165454420
79859601193
79252144849
79262327311
74955150479
79636552846
79260494954
74989177342
79262737104
79104355878
74997431437
79616022972
79175884540
79163860178
79104060440
79199914419
74954223361
79036767194
74967634306
74959150318
79652900681
79151281509
79175927118
79646289121
79774742419
79250410803
79055973300
79261184477
79160073444
74954125030
79031130663
79153467394
74954162724
79688002003
74967649040
79261627270
79067771217
79629594770
79263238689
79267966476
79169640601
79055994012
79646434000
79161286652
74953971592
79777095455
79850585800
79067027474
79256036003
79851697479
79636090039
74956800033
79268320504
79850601020
79031378483
74991226210
79067153869
79057627621
79296314700
79670606808
79161638556
79161820444
79684215752
74987675202
79690362860
79031603841
79037964963
79162246012
79253600631
79161442377
79651684575
79254442257
79167219847
74953998087
79035974559
79775193438
79162766322
79032462424
79165012207
79254473927
79264493766
79266308579
79161280930
79776175192
74953418834
79168051229
79167768460
79663870387
79256311286
79031634137
74991207153
79299168878
79165554690
79104604238
79269265204
79031292386
79104571190
79777194718
79639774364
79260680399
37253728510
79032486492
79160182182
79653456777
79998008086
74958673156
74953488134
79199958907
79060441917
79164664371
79035484205
74999666991
79263845717
79265897981
79262264903
74953411526
79252646696
79261742504
79169796196
74957593531
79260255361
79164278952
79161686390
79037695815
79153968319
74957169855
79261649564
79261449433
79255185932
79165412384
79269901068
79039735501
79154555375
74953155238
79256359067
74953413291
79166190807
79055443933
79057790289
79035558068
79169734917
74953407487
79266665027
79778231805
79262690717
74992340292
79266056852
79169693430
79037202436
74953451952
79776364938
79266684472
79060453835
79299993301
74986978435
79262927841
79099603092
79160720919
79099307003
74992320195
79645271258
79191019565
74997253320
79252299324
79164191630
79169939002
79778035315
74991916622
79164276451
79031003714
79773513949
79264107762
79261842605
79261918752
79036323225
79263612884
79652937975
79850770804
79168230755
74955233901
74953934542
79165208945
79670232318
79065597678
79151387234
79055758287
79653181299
79161776552
74993247857
79057517990
74997946194
79166837638
74953415766
79637820840
79689967266
79037728111
79199914519
79264966913
79778047843
79035555333
79168700842
79267643229
74953226392
79160892632
79663250557
79858608423
79152447417
79031105799
79262035669
79055123451
79268332226
74956541133
79652210070
79163795516
74953407329
79175084848
79153889627
79153406534
79163442411
79165859871
79164809144
79264988248
79264062569
79167094244
79684248436
79164905702
79153597255
79686685694
79686685704
74996665307
79166763839
74953463326
74953424004
74996191359
79688010588
79166451678
79779199384
79015435111
79166234702
74954218570
79646389994
79169175163
79672263322
74959448754
79153554388
79036758438
79166640990
79166431989
79060566338
79096611726
79269201313
74997412147
79168386123
79091628919
79261716807
79261439942
79162147098
79055241702
79151047353
79775750360
79160143882
79104294695
79250113047
79250591996
79175570040
79166776094
74993230102
74953550345
79167446634
79032346907
79175651414
79773392671
79162100666
79151165565
79099441274
79295940994
74992322106
79851203613
79035950765
79165207095
79254001148
74956574827
79267014007
79160858516
79263631128
74992359278
79897456969
79163189878
79161657571
74953963192
79167806628
79671549654
79269097604
79060353230
74953527397
79057934396
79036226495
79859983277
74953959935
79035438645
74953968446
79175801000
79031960113
79852609949
74957231001
74997668117
79262280101
79037551805
79166336680
79654288811
74955445090
74953945921
79165642271
79651500385
79036606930
74955878070
74953906039
79153344518
74992320318
79858174350
74957370054
74957850309
79268397116
74954953552
79265714637
79167429254
74955488922
79037395847
74991374503
74992323718
74952807342
74956582208
79629564296
74952344850
79167589309
79261186169
79153317110
74959301878
79256645474
79261977061
79152450293
79060652662
79163327699
74956458240
79037721666
74953404523
79169126813
74956656845
74993206481
79164691906
79161861072
74991123982
79688138562
79777571702
79096991020
74953287036
74953428733
79161301515
79152286719
79036111427
79261633853
74952586827
79250517890
79166939328
74965733162
79260112350
74956556050
79253784480
74997851239
79265013060
74953416251
79163272636
74958708700
79265905293
79036789313
79262782037
79165947285
74959890404
74959138727
74956072386
79647667951
74956655600
79859236726
74955648819
79267261781
79160143497
79654237378
74953155136
79031674435
74953971107
79777121059
79647682641
79260502333
79778633100
79688987284
79035916192
79055668837
79057120032
79099032669
74959643738
74993234681
79267778922
79037305665
79779678257
79777046874
79091566956
79637113290
79175435162
79267260379
79260685259
79586863720
79152302981
79163780726
79055054204
79162625749
79671819627
79162671850
79093203100
79057609380
79031703687
74953436510
79855112933
79197705537
74992321153
74953432849
79160841802
79263632791
79168221472
74959743052
74953415027
79060316464
79055990084
79772608446
79671626548
79251687691
74956632219
74953400948
79651373292
79164544445
79099834585
79854356454
79685539748
79685507785
79199901488
79933333837
79855542739
79057666111
79263188888
79645394071
79169682688
79197844861
79035354823
79250160177
79162128346
79104832501
74954118592
79164912270
79261563193
79774870919
79686367990
79067379007
79055753110
79166845756
79154597549
79257255049
79637857598
79166705221
79850770420
79161973889
74953211783
79645103020
79689545340
79646466636
79263499568
79104349294
79253757617
74953919901
79266481230
79263161771
74991754402
79645132539
74993177566
79032241006
79153014300
79267990082
79251456033
79255051253
79161011139
74953418095
79268963596
74996166784
79169570355
79266669928
74955140903
79265634921
79032890190
79055372565
79260101767
74953988877
79166953318
79162009684
79527719177
79253613641
79260535946
74953264154
74997447384
74956559284
79265207714
79037756976
79037551215
79260916996
74952807801
74953516748
74957877800
74992341638
79251149416
79096799702
74953630404
74953403858
79263853966
79017976869
79379118276
79165768268
79629146558
79639954865
79163903650
74953960790
79660999812
74997240309
79651594169
79651473875
79017046123
79067959658
79100012793
74952561134
79165525586
79255146601
74992704870
74991377398
74957094372
79672372777
79857672709
74957473288
79853198409
79153320161
79153274852
79268977039
79099963018
79031401103
74957355965
79859916145
79672608930
79100006760
79096678371
79653163102
79161224422
79260813651
74991290533
74999628201
79165689548
79262255526
79263656080
79260951795
79154748765
79268827802
74953071211
79166029195
79033635721
74992324452
79166756174
79152483603
79037610409
74991628019
74957727089
79150475030
79165833029
79032581908
79259246040
74955410845
79852492732
79031816292
74954115228
79299007343
74953403734
74953933011
79164983101
79256290159
79262859619
79030357310
74951501426
79163117722
74997222574
79104834236
79197767354
79637284241
79154301052
79096537020
79166815743
74953404971
79030160547
79175642462
74957805107
74952313052
79650592666
79161915257
74953900746
74953406430
79267136644
79265640772
79152228910
79199957955
79035434798
79264967648
79037991996
79998353318
79055546471
79165662046
74953938466
79853398008
79150408737
79636625959
79150100837
79153308310
79261877265
79031049677
79262325769
79268233606
79588284011
79660800202
79774975120
79262139007
79652047894
79651532602
79164304030
79162049684
79160707392
79629934372
79162345296
79253080029
74953582965
74992325637
79259256386
79653878391
79104647157
79680286665
79031070116
79263905640
74953936911
79296775642
79263483331
79778726410
74953441363
79779441903
79163211779
79263106700
79296647951
79163264802
74992862930
74953599925
79057450048
74953421666
74957034522
74957875357
79167876811
74953797938
79015782255
74953862927
79857586255
74957107652
74956846611
79153107604
74959441636
79166001065
79067036484
79104304243
79653820555
74992323624
74992721284
79257315191
79252681912
74956586766
79163248690
79163354348
74957893591
79037579831
79096938683
79166683010
79262883818
74987310041
74953976094
79168101013
79268466763
79259039896
79055262274
79035064684
79854349291
79168200910
79031479933
79671040414
79167456285
79167234653
79647052932
79037754041
74956607509
79055752343
79265268430
79152993019
74953405424
74959898020
79037500802
79057748212
74956694143
74953264213
79251111443
74953952932
79265335334
74987678201
79262908495
74953490297
79030038979
79153367303
79854246257
79647982253
74951520198
79852140266
74997841257
74991580039
79163030951
79165222030
74956626356
79168394520
74959367022
79165651293
79153455280
79680824621
79162844538
74959825858
79857844318
74959213448
79104069346
79160760661
79091528455
74953422351
79151387370
79255075954
79672588884
74953229481
79169729076
74953411579
79645399455
79096669040
79165846922
79778779794
79161159505
79851786418
74992340663
79037895898
79168041519
79995220787
79162344011
79165885650
79263511515
79263511516
74997971080
79262667185
79670746465
74952255472
79261751186
79164450887
79060906311
79030167463
79057522092
79163310532
74992642862
74953923170
79261702162
79162176754
79853381402
79296804633
79175945529
79629095250
79031955324
79636849977
79151657472
79859572786
79168101726
79688309007
79773364711
79672631285
79096509881
74956544425
79266932123
79253181898
79037473125
79104969164
79859947294
79153450103
79645121994
79057736600
79169572149
79162671565
79032835932
79939997070
79266292109
79035799999
74993577850
79037387453
79856818566
79854400641
79163828168
79639716363
79166107550
79169108782
74952680587
79160055473
79162124941
74953419968
79166459392
79261854222
79652346406
79167195697
79671422986
79686477414
74992320208
79689197663
74984875116
79162566881
79032215403
79166560503
79152301295
79263467552
74956071006
74957270515
74952800004
79854914329
79261156619
79035370359
74959099909
79651231188
79267339417
79246673405
74957851953
74956275545
79852912921
79032459223
79858542164
74995580993
79057989170
79269190943
74956737023
79859239022
79252022720
74951911102
79851844646
79104009922
79057881207
74956474847
74953943395
79257667396
74955140550
74953362443
79778540696
79168082008
79039635166
74953635032
79057026858
79165911867
79035461899
74993743437
74991890328
79162474043
74953131729
79162758245
79037694950
79032850183
79777014341
79150581929
79161185301
79166777549
79647631729
79164211570
79266652513
74994315090
79150493241
74993732959
79031973486
74992340498
79251703713
74997228285
79091697582
79772859655
79151879847
79266154787
79265264226
74954838067
79629314477
79851285323
74993565438
79257185090
79166255857
79267517809
74957335638
79852318381
74953411322
79031521711
74953486496
74957729590
79091584295
79162564618
79160675020
79060903081
79166886050
79645555158
79857271772
79263671314
79266429901
79057764411
79037602476
79057899451
79266156334
79199996798
74953963768
79167039835
79057561692
79163377495
79262652075
74957799523
79163154846
79263881352
79067120729
79167007809
79099018108
74953963524
74957519322
79035437917
79772573717
79161096090
79647673638
79017992876
79055693816
79104078437
79688553558
74997893859
79261546658
79636546940
79672672679
79163720971
79036693342
79067874143
79037823367
79660070037
79629082225
79267026869
79166497809
79166049140
79250538030
79670395250
79262340875
79296183892
79266369007
79163285024
79175285756
79251231414
74953401762
79165714104
79031029590
79653401347
74987879078
79778030057
79175554775
74996618519
79168182898
79169663557
79778114503
79687688580
79032950490
79166553470
79031654689
79259167339
79104616968
79161373893
79651249655
79166774365
79852206343
79852294451
74997256797
79167442144
79104939342
79169093193
79096279229
79774974340
79035084157
79777408049
79168446943
74954071523
79104854976
79773385306
79255273202
79859975091
79264000600
74953919841
79032628866
79857763702
79032629827
79060866880
74954220479
79261172134
74992344265
79262580010
79160196040
79859851257
79262408193
79777549885
79166485217
74956573737
79166403805
79853581709
79266254110
79160870720
79263074142
79881440618
79168851213
79852908122
79996122564
79688997969
79037708489
79855558299
79045110425
74872225073
79057855284
79851701569
79262707908
79031285017
79652508888
79267991929
79037335635
79151331759
79104782119
79164194937
79859565642
79099587187
79689130025
79037594275
79104109139
74957155508
79031233226
74954124665
79998484412
79262257995
79057631003
79166940782
74953463479
79687836396
79688683970
79851761935
79162403396
79854231658
79776070582
79099723076
79167966773
74997225476
79651277943
79651419110
74953954227
79263273733
79168565884
74957125989
79654391482
74954836972
79773611988
79689663466
74953511995
79057380947
79852480105
79251010233
74997411095
79296666225
79295309316
79037367336
79260450854
74967641407
79160811133
79167066939
79161141565
79057554859
79104032768
79152696444
79152884707
79032744416
79295392313
79104137768
79647992878
79670328237
74953427523
74953427023
74992320503
79166875406
74994456144
79104893933
79295733355
79998406352
79163399932
74993576523
79096391802
74953411836
79266398399
79031651839
79057261226
79645728684
79191033724
79165136302
74953378717
79056350077
74997820519
79167955402
79067952246
79157867328
79264525223
79067777554
79153028182
79646368141
79774237828
79269605455
79261192040
79163888865
74951958330
79168494517
79036133109
74992342286
74967695578
74997234198
79265787823
79266765027
74953070669
79096999906
79851202940
79099117474
79167514728
79653534835
79636232513
79175950404
79104801756
79261313283
79263145600
79629112030
79035048915
74953992370
79672127011
79168190768
79851867183
79015412674
79772627644
79268417840
79031145565
79037458040
79037938688
79031748922
79778157543
79852467648
79629211005
74953515436
79152959043
79169168869
79164494900
79266488246
79031472727
79032845513
79262340463
79852982200
74822329428
79646420873
79032082519
79035921286
74953422893
79160186751
74996478631
79610784706
79161402245
78453551421
74953639810
79264959591
79055338695
79260773013
79258595030
79035603850
74996087807
79163430470
74956134041
74996731111
79255185158
79859544895
79295953126
79258407170
79778159968
79032791317
79852988858
74992323369
79779404482
79856431370
74953437839
79606901113
79199604864
79030136484
79032677733
79265571816
79251740260
79266115401
79687823633
79164456299
79167563578
74957274100
79037646277
79774229336
79006511155
74956192142
79055666343
79104195308
74955984841
74991982566
79260921347
79268900016
79167005453
79031035690
79162571260
79164515874
79853654741
74953404547
79857835094
74956243312
79060725304
79683899991
79036155545
79261449782
79779761646
74996166022
79168718668
74953958429
79852205107
79162057091
79265404617
79161772222
74991798013
79250672540
79055547173
79031705152
79639996634
79169932890
74956504165
79166190103
79154020065
74953796229
79266517075
79265488905
74956603578
79099762525
79605555990
79163804196
79299845756
79164648230
74953949583
79161364866
74997225897
79671148619
79852766995
79771021410
74993224456
74953911675
79250878336
79169178484
79055710055
79099252755
79267064732
79259286876
79262858060
79817186423
79104321838
79067259331
79163327863
79260484859
79265535555
79169087419
79680929648
74956546002
79067514474
74957170026
79057617279
79265923541
79265089944
74953830436
79168764282
79955526700
74993561958
79265602036
79161985573
79255728527
74953443655
74953445152
79161106116
79265398557
79055940095
79037381204
79687258183
79269032666
79295717381
79150311603
79099738403
79265364441
74953408364
79166642488
79161457382
79166501983
79269434277
79055339618
79856848577
79163832391
79096585100
74956319009
79256325690
79268812125
74992322286
79263742234
79175602881
74955395395
79167999191
74952764785
79263050403
79150219860
79057464566
74993205120
79608457291
79055017420
79852023395
74953437798
79219415476
79265237282
79501505031
79067564011
79166806564
79036615591
79255052666
74957556598
74993725156
79645673158
79166882327
74953304651
79167164909
79036798484
74967690680
74996518106
74957193630
79163139656
79264035599
74953962600
79990111112
79162626812
79264913963
79161299686
79166112376
79853401986
79161294567
74956558628
79268861151
74952595201
79686184939
74953419253
79588329487
79660997788
79267770717
79261307987
79169018005
79266995163
79913868615
79539547738
74956295756
74952217363
74997393303
79253655530
79030365452
74957831611
79169314787
74955056118
79263270209
79165823671
79150365670
79167281802
79265270707
79264378784
79299691717
79653670157
79263129060
79646383121
79670327464
79262106506
79153319885
79169301034
74953485214
79775194599
74953037433
79036881300
79859637008
79166648992
79162369236
79161713103
79031902730
79152122902
79266501737
79151302233
79773162426
74953936121
79161090430
79671251419
79651612731
74996183281
79032040135
79296707020
79154819870
79032858799
79099315279
79262568825
79058120023
79265273915
79263582828
79175146583
79779393669
79252868674
79265873212
74953415024
79778103733
79778930668
74955508411
79686814227
74992371658
74953850306
79164752029
79854752427
79035590101
79778481655
74957093420
79859783562
79099127898
79031641501
79773532713
79099079715
74957923097
74959504293
74966479300
74989178187
79851105253
79264636477
79267794242
79256314414
79165869662
79777188283
79263102525
74991106105
74952230001
74956203555
79202577944
79629758982
74951504016
74957144320
79265376026
79266191218
74957115155
79684547468
79267008002
79166909747
79169729729
79772627250
79687626696
79164033878
79264082778
79260585783
79160282608
79262719738
74952281779
74957771100
74959808019
79260485578
74957218100
79191335572
74995177624
79265571232
74955498306
79166196045
79263075501
79255273120
74953027356
79030171712
79779469531
74953429791
79167762544
79690213241
74951222255
74953487035
79165589729
79672172627
79648473508
79031433969
74953982782
79266337997
79684343119
79266575084
74953418003
79166360197
79035225522
74959332708
79251036766
74953421894
74957253399
79161223688
79777337745
79267430348
79268884541
74991958583
79262628623
79168081668
79165086100
79057051717
79037979752
79039708745
79057173041
79268430416
79167026784
74953853570
79169034811
74953416525
79265214705
79261966042
79859983399
74953989068
79055550363
79175179910
79853186565
79160361317
74953420615
74953444501
79854655198
79166719995
79854408085
79636181249
74992386155
79859092078
74956592785
79859994484
79976185092
79250052240
79096953046
79037538837
79164864046
79031446902
79154344990
79260437022
79261899608
79652000786
79166958935
79265445697
79250026822
79624753075
74952498850
74993710565
79259992744
79165579108
79039711661
79771989322
79778788744
79637806715
79651707148
79169173402
79264009523
74993245071
79037228811
79037745685
79168462088
79067233003
79672185418
79653137432
74952904091
79645776665
74992340567
79257403836
79165637283
79852500757
74992340527
79031497314
79031847117
79851962904
79653217766
79254550104
79775400829
79168820394
79152174503
79060810994
79299793000
79060312943
79032775373
79647209010
79264034379
74952286021
79268053272
79661759925
79260583128
79160564573
79037177767
79175257243
79637117700
79266619770
74992552869
74957774147
79151765505
79651389320
79859786628
74955891025
79161253877
79161413414
74997932269
79997357186
79037966622
74953421801
74995500333
79167804034
79263285779
79671248331
79663377782
79091613747
74997412109
79067996602
79175296435
79091640729
79036970215
74953384992
79262200303
79167544374
79151234353
74996770241
79104240158
74953476608
79253522818
79257057504
79771496926
79265301528
79266026637
79166545087
74956743297
79175810282
79684425239
79296650776
79162539040
79267674907
79096465288
79031796080
79067357477
79255614340
79652952799
79057915218
74951950741
79031166777
79039626860
79035075793
79031031115
74954548614
79261141142
79269180873
74953422170
74999041621
79773827989
79035638752
74953402004
74953381507
74992329442
79104793293
74953421104
79689244296
74957705116
79035912843
79859858161
79854257707
74956559804
74953487994
74994647950
79296819896
79851791277
79999760972
79160545646
79260511201
79035603455
74953950177
74953400238
79254170436
79254798006
74953495608
74953955333
74959304235
79153022448
79252050708
79636082563
74959213223
79099796802
79039775452
79163056668
79263190591
79850680583
79260266981
74956859294
79258980246
79267428938
79262873654
74956431315
79772790436
79777310408
79855124955
79165384045
79636350088
74957481240
79096507639
79296254522
74953457594
79162281809
79055259933
79651668025
79258968615
79037878766
74952251364
79258335725
74956603515
74991731827
74992430704
74953664872
79265733071
74956171366
79687418008
79161546692
79208068865
79163049216
79687484054
79255313083
79671825051
79037448444
74953401123
79647018371
79031741950
79161910481
79035586360
74956616500
74956811587
79162501620
79160619891
79264499978
74992321396
79772837691
79859221554
79168613146
79254886667
79035372991
74957795469
74995013893
79260306420
79055857247
79163387083
79152627130
79653113090
79161476013
79057820289
79166356325
79031218798
79161021244
74957133449
79263091068
79859940676
79154244540
79652515871
74953487031
79032774106
79152147564
79060455117
79161372956
79017620307
74953879254
79261536834
79104455101
79152453824
79030075002
79165686420
79253750084
79163950293
79055872753
74957143186
74956786915
79067410874
79156886868
79299624514
79150544042
79251458552
79163188835
74953988252
74953959470
79163251908
79265190318
74953967216
74956556908
79852757572
79035497790
79636109622
79854928861
79629665115
79150893855
79773577185
79096781618
79160070105
79151814308
79858015984
79772957707
79165477670
79161346355
79104138300
79099544648
79031923282
79164308820
79099083369
74954129044
79035881112
74957145934
79852478020
74994810115
79175711011
79268109948
79163135316
74957522919
79261756902
79262320358
79169111165
79160107768
79166055207
79067135115
79161336068
79035382667
79036687896
79266193766
79254670715
79661818088
79035305759
79636134570
79067804912
79257145051
79057325346
79154909750
79299144228
79690101263
74992322130
79037466222
74992320548
79859972616
79775937232
79151007318
79037074879
79161573582
79191232901
79261791299
79036780394
79164606891
79039665294
74953281308
79853167232
79163310315
79160654321
79654046868
79857605197
79629127110
79295827107
79262165069
79057918626
79268806019
79119001559
79152043445
79166809397
79267770141
79299277780
79261752660
74955585998
79255878985
79057999310
79039682376
74956428144
79263260088
74956581808
79057854371
79775301269
79295980323
79168271157
79775987042
79999004122
79998309011
79175318818
79163861223
79253626113
74992645228
79104455891
79688001077
79857631027
79774442195
74953215322
79031972771
79168186008
79257586386
79262707755
79629390894
74953939961
79175284793
74955000135
79250312445
79038891384
79267032000
74955833855
79152555342
79164886302
79263597359
79031054153
79267377355
79091627257
79031464455
79772648105
74953462071
74953409475
79036230977
79263053395
79153357282
79166726297
74953412229
79269120777
79261901880
79165524016
79099386228
74957116143
79651401254
79164626172
79067271342
79660157935
79859869037
79253839305
79266934905
79771722834
74956559729
79165414859
74953970891
79150557737
79169879597
79253917671
79036641736
79998473721
74957174287
79168883330
79291030753
79772608223
74986467695
79253468018
74953722850
74992322258
79774274062
79099414943
79690367080
79856884511
79030121328
79166754801
79850945868
79255173111
79776100779
79265570757
79091592085
79161001345
79175555651
79164097152
79859697514
79250461144
74991327311
79256313063
79262293559
79153961325
79099449494
79265262208
79680635343
79250810755
74953975105
79686511864
79164321952
79035589209
79032034309
79099449353
79683963806
79258224782
79639654772
74991770857
74992321546
79645822989
79262261952
74956591648
79099975159
79165909468
79163549374
79067517575
79629861331
79265779035
79060866532
79295579715
74956583492
79166302006
74967275597
79160730567
74997425548
79099141212
79262806288
79266882345
79037925518
79031772985
79636509852
79261004185
79687047337
79260922078
79251152301
79151887612
79264817123
74999063539
79165806117
79167801140
79166200023
79296774488
79140248812
79688262615
79031283349
79104663930
74953429329
79857282663
74997393010
79166122884
74957798357
79629547272
74953955061
79057551867
79031738755
79163817260
79031312658
79269587538
74992341535
79037006333
79268767573
79151210702
79035455616
79270077599
79057847642
79257190886
79651830800
79169049407
79031648327
79166548084
79265244142
74953939457
79150273748
79055113254
74991754492
79161342111
74991211557
79153628806
79109416538
79636397964
74953410517
74953878098
79104249419
79037136101
74959560033
79265882865
79264238659
74992323587
79163195357
74955648833
79150974707
79169867114
74996810344
79265857226
74986461668
74956315063
79160180026
79151678029
79268256312
79152359497
79267132443
79265531245
79645812694
79168218857
79663892479
74953791789
74959963094
79685442878
79037982413
79253730360
79161261810
74995007115
79156940100
79164238445
79168473562
74953060261
74953484457
79030055007
79851117097
79036152184
79775642031
79175855100
74953990419
74993244282
79156526025
74995191328
79031879639
74991248370
79152721995
74953215698
79056406409
79260271710
79265645079
74952596206
79685447353
79161634172
79671000779
79169906321
79252026779
74992570779
74956682228
79850700739
79031208372
74953496108
79269801933
13053084788
79267032222
74992421419
79163666683
79637707115
79859567655
74995078529
79253006059
79057078627
74993208304
79168763858
79035141981
79099206303
79166505530
79264923491
79773722909
79197649435
79162622282
79778669948
79262105740
79267119985
74956589373
79165083309
74953978243
79167809823
79164984121
79162327090
74953422987
79067835666
79651471080
79250063422
79165047216
79166977535
74997438048
74992320345
79672792670
79036796235
79030184030
74997844770
79032763136
79163056509
74959584592
79647094529
79161606786
79167997806
79262485109
79163266424
79035260575
79164457792
79296488240
79104945282
79265853292
79671381188
74997418571
74952349692
79060775166
79263305405
79859073610
74957459365
79096801568
79200554551
74953866824
79055492772
79262196323
79161422115
79600754787
74959255109
79163495504
74957390404
79175094975
79104003596
79255727291
79037570057
79163498489
74952256800
79037976687
79169695676
79168461854
74993216476
79267201522
79262332855
79261451386
74953572010
79151466455
79775749835
79152281690
79267107744
79168511019
79060679888
79175671843
79265595900
79255366977
79636479118
79151840257
79857234987
79017838147
74957287300
74959565555
74952236242
79265190292
79104067965
74956401750
79684462128
79036737113
74957172004
74954242081
79067383338
79152506248
74732623499
74997530307
79067803736
79030003246
74957130996
79039657026
74957487833
79778474559
79773409049
79067698080
74957973110
79104243914
79647235043
79057724320
74959944640
79999728422
79251279001
79169411410
79250912462
74994502825
79037585369
79637773953
74952870333
79104177563
79858773258
79032423433
79055073771
79104524989
79163523246
79255345197
79032440388
79269226822
79167209234
79165514888
79295512619
79653366471
79032372032
74954503630
79037719054
79168557078
74959678080
74999402062
79152229602
74957885585
79255675312
79166170685
79261034273
74953897879
79267455971
79150659967
79167091999
79060391460
74953488750
79166275205
74953418296
79031005514
79163907792
79671948021
79264600283
79859392087
79857424873
79637107673
79037209012
79255173017
74992425244
79035470313
79104192200
79689410146
74956063860
74952298288
79661560880
79636691733
74991421715
74997550050
79267893537
74956379440
79194115361
79621689797
74967627751
79151410437
74997828441
79168886894
74956465665
79104196372
79999832726
79055767887
79165659585
79164783192
74953411881
79037788378
79167551506
79037323847
79099879541
79165030815
79162867777
79166054971
74953410914
79629381840
79261526576
79052457015
79037661458
74955321304
79169617877
79859753113
74954228502
79772560972
79104343630
74956804061
74956545671
79151441677
79531898001
79637722343
79162754901
74956692400
79160281383
74953252254
74997024908
79031656543
79169972473
79855280055
79686140750
79031409080
79166784841
79032275194
79264995701
79162102712
79670553309
79057516322
79104880023
74991356680
79267057713
79037790429
79252821445
79164374511
79166507497
79646397878
79161282738
79163295902
79255062344
79166155359
79777239613
79165833144
79096887210
79851589898
79151059449
79852898544
79055454868
79055126655
79039663743
79778624007
79774283313
79636322628
74951353935
79265341341
74994596674
79032021145
74967649006
79104523210
79251226729
79671364333
74953584563
79060885550
79858895050
79197841949
74953218651
79855406212
79032165600
79161689147
79647616662
79057948664
79168487024
79266403817
79031480853
74957027450
79165951795
79623632966
79254662228
74958491070
79999649629
79150764950
74996083629
79161909419
79167954567
79152850300
79036713310
79672066968
74953410208
79266246752
79266727221
79774599052
79263946090
79165940582
79197731021
74993200912
79858210519
79851194367
79166256169
79096663652
79260550255
79629434702
74957481098
79166746277
74959160252
74959899182
74956410980
74956991225
79772610703
79163729808
79154506090
74953459641
79036187763
79772655037
79267020335
79778381615
78003333598
74953510022
74957880200
79645806167
79260257715
79104543465
79166050747
79689823772
74953777123
79160077608
79250004292
79851515952
79197761385
79165983913
79150419168
79162801928
79690497933
79265894644
79853456784
79031831441
74993710563
79250010343
74967676758
79163415052
74957805835
79169002380
79160410241
74953435428
79661162570
74997023222
79154962141
79169096089
79153860407
79853645207
79263821687
79269823373
74956209429
79153061771
74991731393
79301692205
79261949984
79164549444
74952581793
79261669642
79853338675
74957594917
74956777201
74991740697
79104854037
79164335556
79167104203
74993222511
79652403935
79299538856
79175404084
79160896395
79161294501
79163743478
79165627847
74992621918
79265298985
74957705700
79035180033
79165905826
79060632054
79168664806
74991404248
74952870410
74999410808
79267551945
79686685091
74959141057
79779543144
79175553683
74995008903
79169897357
79162221184
79163645601
79163353575
79169208805
79263007808
79168298090
79169181058
79017710531
79688841004
79036888447
79031383051
79166084214
79253217998
74954190320
74852588017
79688606982
79163630927
74999401117
74992344724
74991479955
79031675807
74997930963
74959660777
79165474898
79265403793
79104698653
79175187127
74957770282
79265844189
79057966563
74953403876
79151436122
74955019226
79163294765
79150653049
79031797753
79060906409
79263904924
79057855811
79262793116
79163477674
74953498496
79153000164
79773201670
79031153633
79163825316
79057008989
79154289076
79264789689
79057051213
79774174271
74953404512
79060767972
79032503379
74997221981
79260915080
79067865638
79037930707
79778312445
79055379340
74997827217
79651999295
79151035451
79653636776
79032299942
79164945566
74951060526
79035911193
79067851585
79162374741
79168836683
79060407457
79775968985
79777418794
79646226391
79031019335
74953457871
74957755505
79265736262
79778390106
74996111005
79152748839
79262784939
79165750063
79637814326
74999037897
74954540990
79645277202
79268372347
79037158460
79260550757
79166045728
79032547630
74966147473
79253900188
79150426444
79150888988
79037964791
74953984843
79253185752
79104565074
74957112616
79162150019
79267429543
74952235512
74996851975
79154992903
74954235897
74812292551
79268265040
79263383279
79852883663
79031814516
74953403108
79645769111
79150028011
74956444887
74993247006
74957130179
74957265850
79037271313
79269273787
74952877216
79653490499
79150886325
79167803691
79035221618
74967545245
79164238338
79031558427
79162657504
79652976585
79175852015
79167175438
74994813132
79035689410
79032108220
79160796607
79629029366
79036780874
79035511826
79104083756
79035283855
79269325578
79262838005
79161940977
79160807690
79255174172
79057890494
79035144901
79166127629
74992705891
79150923409
79060317877
74957146943
79853500020
79262163893
79168442373
79267992462
79778661452
79162309108
79164515873
79777243996
79299241805
79162867304
79264649099
79163865447
79266311101
79299270215
79250348750
74953462233
79060433229
79167692770
79859901535
79652319708
79169733972
79161549733
74953419393
79670504667
79104667298
79250015009
79671872965
79779573902
79250060706
79154856975
79689082198
79774961636
79175828668
79099011198
79772505541
79772666124
79165353840
79266038132
74958409046
79037464804
79167331868
79267796000
79060979089
74953402198
79039756324
79262641900
79151892143
79037304050
79055261973
74953510039
79685545543
74957034400
79261112882
79099309848
79689614610
74953666354
79057323254
79162404259
79037491371
79663361675
79037557618
79161277631
79774733886
79104669936
79265790771
79161659907
74952236005
74957184168
79636943469
79060995318
74955422302
79166021833
79035096087
79859880783
74953580665
79165269527
79258460781
79851101717
79031158024
79268373390
79254476921
79168415011
74956756184
79166145033
79032556825
79161722123
79672412997
79299855299
79856686610
79262722094
79266691491
79660316689
79253822364
79258884308
79037736825
74955416465
79629276069
79671470319
79772802628
79652115933
79163902832
79637110911
79154948756
74953982342
79263026347
79067252799
79663284519
79295209131
79055530398
79639256101
79067978957
79773800438
74996788050
79629536856
79037698189
79169171441
79152955475
79165511517
74953433172
79772704486
79031736762
79858820852
79267991919
79152780015
79165334843
79250402046
74953418954
79151829815
79154896509
79252250894
79154282916
79057273745
74989175462
74958490099
79057381114
79257860094
79859057188
79776173474
74999005583
79660484969
79032941329
74985472759
79265284686
79859227144
79262941506
79031905450
79057633554
79104728201
79266608307
79851895506
79104911189
74959307235
79166187615
79264999384
74996199112
79266092333
79853854889
79264792371
74953922983
79168086754
74991723177
79032132722
79858953700
79265284788
79160561919
79254950056
79035704221
74957172617
79269910034
79253370795
79265692453
79653890260
79997143998
79031348436
79199613372
79653405842
74992320657
79163635415
79857802288
79161077317
74997414457
79165220789
79261656004
79197686880
79251749428
79163682481
74999046996
79646268270
79647111899
79163847199
74953111180
79036114724
74953838038
79165926439
79261409926
79263844997
74954259652
74953421668
79031725656
79169760212
79165167864
79037331223
74953405207
79636226920
79776250370
74997231507
79151223000
79857764387
79166840885
79166075659
79151422069
79855277766
79163149696
79166213615
79154601602
79035526877
79067924450
79165338044
74996156022
79269550825
79151551458
79199974974
74955422045
79161113366
79267996254
79652225367
79852959597
79152352218
79037481251
79031802101
79035742529
79258499550
74957031754
79269142377
79037406938
79039612426
79165366711
79262635921
79152375618
79057082292
79265202062
79253416818
79685116049
79261494322
79057788018
79258696813
79250151520
79851889111
79251271848
79037170445
74953426977
74997642947
74955990959
74953980915
79031225882
79096787771
79037281031
79036352995
79036236834
79152854253
79653075159
79163017677
74956577530
79852209171
79856456919
79299294200
79645802235
79269058313
79032835321
74967530078
74994318959
79152101745
79037970449
79031774149
79057606285
79251414054
79653166642
79648417203
79261589990
79773876619
74955369403
74987421560
74953958592
74959331212
79261901994
74992686289
79037703712
79266657261
74955301347
74953965977
79263794501
79037071263
74956767757
79856460232
74997427175
79151485166
79647269144
79099545510
79253018810
79167680767
79688636986
74959842323
79104598037
79778938784
74991731461
74959883338
74952550030
79261843914
74953950388
79161607406
74953948787
74953408303
74952120674
79775378565
79201562701
79162772995
79262708864
79165276579
79255266458
79163784954
74956499630
79031820709
79153608027
79036752716
79645557444
74955414493
79152210098
79252435875
74957157234
79031996537
74997936715
74953168129
79169415556
74992357536
79299824377
79253933164
79164371750
79588289465
79265280065
74953495251
79657016415
74992724719
79057064445
74955653323
79689514645
79201737481
79166849505
79152559195
79777569736
79104331329
79162240452
79689794345
74992612212
79251205090
79099552244
79377969238
74952807271
74958007787
74956451555
79167444815
74991379701
74953748994
79254947665
74992724038
74992564418
79150991132
79199651448
79060741302
79654448714
74993568784
79175197820
74952760729
74952289850
79858458822
74953813263
79637192380
79639997388
79039659967
79261478771
79811309230
79250474275
74997223310
79169368061
79267264447
74992469735
79035222996
79216527047
79031518352
79253599878
74992323195
79162442686
79167136650
79654444466
74956152341
79264174855
79688112803
79175023105
79164322732
74953551458
79162086808
79167823713
79299631970
74956088343
79057361247
79859947933
79254957313
79099402101
79670005010
74992618846
74956413457
79858445964
79776107764
79161005774
79154373121
79163265494
79261536334
74959212160
79167995466
74959802560
74956096620
79164312762
79265561875
74956637820
74952348306
79031481228
79857737467
79166856020
79165569506
74952233332
79264691664
79646233111
79652739374
79165089910
74952258906
79800002390
74992716022
74953408966
79266497359
79299825873
79067774456
79999907990
79265746737
74957818197
79684090014
74953483107
79260676589
79261603971
79858357875
79779966428
79163112302
79645505383
79685664669
79251884989
79537353385
79652885248
79660800054
79605653636
79166948407
79036144939
79169312960
79852645599
79269368686
79251989917
74957035551
79263602756
79163127364
79006511166
79267885000
79161640237
79031843783
74997238990
79629515111
79252578966
74994005555
74959821908
74997070782
74952761046
74993740072
79261803014
74991120611
79851754462
79154380885
79686089667
79162260459
79109029585
74953940293
79854742814
79607032074
79929999984
79150872414
74955501799
74953950806
79654314602
74956607273
79680640102
79167086432
79264223776
79161049211
74956272400
79168429340
79032781351
79269422751
79037763326
74967527800
79636554167
74953462608
79031790258
79267163453
79255420254
74956415308
79629991000
79260601269
79104655905
73652788388
79998737343
79670426060
74959305580
79119688588
79166262389
79175336171
79162072674
79261406644
79057178485
79164115884
79163532881
79099967800
79670727266
79162035276
79055276811
79035419594
79772575717
79774972131
79671777236
79684725998
79164670294
74994734904
74957135480
79031476580
79296160341
79859366667
79166132418
79778994066
79104829748
79032004088
79999614535
79684755544
79104010639
79104592604
79166754523
79998399831
79163668979
79853331401
79295251062
79161849241
74959610160
74955406900
79262354950
79250306152
79055554303
79096942693
79854100076
79162189359
79267565101
79255337780
74997830232
79160994043
79032356439
74953416688
74997032004
74997504050
79033637552
79852592524
79175203407
74957483033
74999404550
79169353398
79036133123
79165697754
79637113328
79264261742
74959944477
74957874200
79260876565
79773606872
74952584534
79262828299
74957378600
79067174626
79167226945
74959098191
74959411314
79262784600
74952300603
79104319627
79874417851
79150557141
79104626186
74999998000
74957350364
79260238085
74992182994
79661671523
79686628171
79267885930
79855429761
79057308931
74953131936
79632157125
79150067632
74994263729
79168886275
74957923993
79690893120
79852544593
79251018819
79257815724
79636969136
79057054158
79253179551
74991631878
79859923164
79261524306
79167777577
79167374450
79015122979
79300564160
79165876322
79261087179
79154444545
79037322720
79096355342
79773392416
74986852726
79163580414
79636936653
79856460365
74967694796
74953418150
79096208966
79853935134
74953421240
79164862254
79670905199
79154015193
74957345800
79099313060
74967555865
74953434079
74953726394
79251145070
79265413391
79057487626
79032690101
79150111252
